20240609 16:41:16  19.509 | 62.34 49.15 43.59 33.37 29.52 20.91 15.73 | -1.837661 1.994521 5.981780 | 256:2:256,CLEAN=0,TRIG_HI=0
20240609 16:41:47  19.509 | 62.34 49.15 43.59 33.37 29.52 20.91 15.73 | -1.837661 1.994521 5.981780 | 256:2:256,CLEAN=0,TRIG_HI=1
20240609 16:42:17  19.651 | 79.87 68.23 58.20 46.77 36.17 31.43 23.78 | -1.016645 -0.037306 7.638662 | 256:2:256,CLEAN=1,TRIG_HI=0
20240609 16:42:48  19.651 | 79.87 68.23 58.20 46.77 36.17 31.43 23.78 | -1.016645 -0.037306 7.638662 | 256:2:256,CLEAN=1,TRIG_HI=1
20240609 16:43:18  19.350 | 64.72 52.44 44.69 34.75 27.44 22.24 16.80 | -0.978558 -0.768730 7.629901 | 256:3:256,CLEAN=0,TRIG_HI=0
20240609 16:43:49  19.367 | 61.54 51.68 44.92 35.65 28.81 23.15 17.09 | -1.717767 1.266264 6.285099 | 256:3:256,CLEAN=0,TRIG_HI=1
20240609 16:44:20  19.361 | 66.82 56.38 39.00 34.81 30.22 23.88 18.82 | 0.458595 -4.124362 9.572577 | 256:3:256,CLEAN=1,TRIG_HI=0
20240609 16:44:51  19.387 | 65.30 56.45 40.20 38.06 32.98 23.88 18.38 | -1.161332 -0.039789 7.095923 | 256:3:256,CLEAN=1,TRIG_HI=1
20240609 16:45:25  19.229 | 61.10 50.97 44.96 35.71 26.40 20.99 15.64 | -2.107740 1.494828 6.154560 | 256:4:256,CLEAN=0,TRIG_HI=0
20240609 16:46:00  19.244 | 63.73 54.82 45.74 37.53 27.10 21.51 17.18 | -1.504605 0.158257 6.937551 | 256:4:256,CLEAN=0,TRIG_HI=1
20240609 16:46:34  19.337 | 67.76 60.25 51.84 45.08 35.36 27.49 21.73 | -2.236366 2.318037 5.707187 | 256:4:256,CLEAN=1,TRIG_HI=0
20240609 16:47:09  19.350 | 72.61 66.60 59.22 47.15 33.84 27.92 23.42 | -1.766884 1.081452 6.568411 | 256:4:256,CLEAN=1,TRIG_HI=1
20240609 16:47:47  19.157 | 56.40 46.86 35.52 31.39 22.02 17.92 13.58 | -0.973955 -1.225187 7.527775 | 256:2:512,CLEAN=0,TRIG_HI=0
20240609 16:48:25  19.157 | 56.40 46.86 35.52 31.39 22.02 17.92 13.58 | -0.973955 -1.225187 7.527775 | 256:2:512,CLEAN=0,TRIG_HI=1
20240609 16:49:03  19.306 | 69.73 62.07 50.81 39.07 32.06 25.98 21.22 | -0.599522 -1.611352 7.934805 | 256:2:512,CLEAN=1,TRIG_HI=0
20240609 16:49:41  19.306 | 69.73 62.07 50.81 39.07 32.06 25.98 21.22 | -0.599522 -1.611352 7.934805 | 256:2:512,CLEAN=1,TRIG_HI=1
20240609 16:50:16  19.160 | 54.50 45.73 36.17 31.87 21.30 18.54 13.20 | -1.535820 0.095232 6.764544 | 512:2:256,CLEAN=0,TRIG_HI=0
20240609 16:50:52  19.160 | 54.50 45.73 36.17 31.87 21.30 18.54 13.20 | -1.535820 0.095232 6.764544 | 512:2:256,CLEAN=0,TRIG_HI=1
20240609 16:51:28  19.285 | 71.60 61.18 48.28 37.96 29.90 26.43 19.79 | -0.152207 -2.753379 8.597772 | 512:2:256,CLEAN=1,TRIG_HI=0
20240609 16:52:03  19.285 | 71.60 61.18 48.28 37.96 29.90 26.43 19.79 | -0.152207 -2.753379 8.597772 | 512:2:256,CLEAN=1,TRIG_HI=1
20240609 16:52:39  19.068 | 52.89 45.72 37.73 30.61 21.68 17.13 13.25 | -1.790781 0.309762 6.518106 | 256:5:256,CLEAN=0,TRIG_HI=0
20240609 16:53:13  19.131 | 58.85 50.00 44.92 35.15 25.67 19.89 15.69 | -2.144355 1.203894 6.189097 | 256:5:256,CLEAN=0,TRIG_HI=1
20240609 16:53:49  19.194 | 69.82 59.68 49.99 39.74 29.88 24.29 19.86 | -0.830301 -1.397737 7.660276 | 256:5:256,CLEAN=1,TRIG_HI=0
20240609 16:54:23  19.255 | 72.34 65.26 53.82 47.21 36.31 26.24 23.15 | -1.778260 0.817203 6.582621 | 256:5:256,CLEAN=1,TRIG_HI=1
20240609 16:55:00  19.046 | 58.78 46.77 38.52 34.37 27.26 20.34 14.51 | -2.191304 1.062205 6.093533 | 256:6:256,CLEAN=0,TRIG_HI=0
20240609 16:55:38  19.095 | 65.01 52.55 48.75 37.17 29.45 22.51 17.02 | -2.106020 0.891039 6.355215 | 256:6:256,CLEAN=0,TRIG_HI=1
20240609 16:56:15  19.044 | 55.03 45.04 41.73 33.96 25.31 20.08 13.60 | -3.258076 3.085611 5.138766 | 256:6:256,CLEAN=1,TRIG_HI=0
20240609 16:56:53  19.127 | 65.35 52.04 44.61 37.38 33.87 25.28 19.80 | -1.063562 -0.663462 6.905226 | 256:6:256,CLEAN=1,TRIG_HI=1
20240609 16:57:29  19.056 | 63.43 51.68 40.97 35.93 27.59 19.90 14.92 | -1.985667 0.436766 6.560894 | 256:3:512,CLEAN=0,TRIG_HI=0
20240609 16:58:05  19.062 | 64.94 53.60 41.24 35.36 28.30 21.13 14.56 | -2.042751 0.508659 6.570376 | 256:3:512,CLEAN=0,TRIG_HI=1
20240609 16:58:41  19.087 | 61.42 49.67 46.11 35.75 28.66 23.43 16.42 | -2.206419 1.231440 6.075428 | 256:3:512,CLEAN=1,TRIG_HI=0
20240609 16:59:17  19.101 | 63.64 49.64 47.50 37.20 29.11 24.99 16.96 | -2.127550 1.134290 6.137039 | 256:3:512,CLEAN=1,TRIG_HI=1
20240609 16:59:53  19.059 | 59.06 49.54 40.81 34.43 29.42 19.42 15.36 | -2.365564 1.384169 5.995255 | 512:3:256,CLEAN=0,TRIG_HI=0
20240609 17:00:31  19.056 | 60.58 49.23 41.24 34.89 28.29 19.55 15.34 | -2.101766 0.817950 6.287774 | 512:3:256,CLEAN=0,TRIG_HI=1
20240609 17:01:07  19.082 | 60.94 48.72 44.39 36.35 26.77 24.51 16.40 | -1.849725 0.599713 6.323336 | 512:3:256,CLEAN=1,TRIG_HI=0
20240609 17:01:44  19.081 | 62.12 49.32 44.46 35.72 27.50 23.88 16.99 | -1.408862 -0.258779 6.734400 | 512:3:256,CLEAN=1,TRIG_HI=1
20240609 17:02:30  18.971 | 58.24 50.58 38.82 31.28 26.46 19.90 14.03 | -1.799656 -0.083473 6.584350 | 256:7:256,CLEAN=0,TRIG_HI=0
20240609 17:03:15  19.034 | 65.16 53.61 46.18 38.06 29.05 23.45 17.16 | -1.830193 0.177637 6.579221 | 256:7:256,CLEAN=0,TRIG_HI=1
20240609 17:04:00  18.989 | 57.55 45.21 40.15 35.03 26.75 20.71 14.32 | -2.732136 1.808764 5.691255 | 256:7:256,CLEAN=1,TRIG_HI=0
20240609 17:04:46  19.048 | 68.59 54.15 44.98 33.49 33.10 25.70 19.39 | 0.004984 -2.887569 7.827170 | 256:7:256,CLEAN=1,TRIG_HI=1
20240609 17:05:25  18.977 | 67.40 52.81 45.61 39.20 28.77 23.18 16.92 | -1.747160 -0.231072 6.700192 | 1K:2:256,CLEAN=0,TRIG_HI=0
20240609 17:06:05  18.977 | 67.40 52.81 45.61 39.20 28.77 23.18 16.92 | -1.747160 -0.231072 6.700192 | 1K:2:256,CLEAN=0,TRIG_HI=1
20240609 17:06:45  19.095 | 81.89 65.20 54.11 49.83 38.56 31.22 23.67 | -1.229602 -0.746520 7.100618 | 1K:2:256,CLEAN=1,TRIG_HI=0
20240609 17:07:25  19.095 | 81.89 65.20 54.11 49.83 38.56 31.22 23.67 | -1.229602 -0.746520 7.100618 | 1K:2:256,CLEAN=1,TRIG_HI=1
20240609 17:08:14  18.904 | 56.74 46.03 36.56 32.30 25.51 18.97 13.96 | -1.790635 -0.200726 6.452783 | 256:8:256,CLEAN=0,TRIG_HI=0
20240609 17:09:04  18.966 | 64.12 50.62 45.77 38.11 28.67 21.27 16.01 | -2.455557 0.925253 6.203865 | 256:8:256,CLEAN=0,TRIG_HI=1
20240609 17:09:52  18.973 | 66.70 52.79 45.99 36.40 29.42 23.49 16.72 | -1.584351 -0.490101 6.785220 | 256:8:256,CLEAN=1,TRIG_HI=0
20240609 17:10:41  19.080 | 80.87 65.50 53.01 49.34 38.52 29.91 22.53 | -1.584736 -0.234507 6.909640 | 256:8:256,CLEAN=1,TRIG_HI=1
20240609 17:11:21  18.855 | 51.31 40.59 35.22 27.98 22.53 15.76 11.96 | -2.158652 0.240195 6.180156 | 256:4:512,CLEAN=0,TRIG_HI=0
20240609 17:12:03  18.890 | 54.85 43.64 34.20 30.49 26.29 18.32 13.39 | -1.854736 -0.033919 6.306393 | 256:4:512,CLEAN=0,TRIG_HI=1
20240609 17:12:43  18.987 | 68.71 53.44 46.73 38.59 31.76 22.45 17.93 | -1.609131 -0.413410 6.783590 | 256:4:512,CLEAN=1,TRIG_HI=0
20240609 17:13:24  19.022 | 75.05 60.40 49.59 38.06 33.60 26.55 20.36 | -0.264243 -2.611913 7.751318 | 256:4:512,CLEAN=1,TRIG_HI=1
20240609 17:14:16  18.968 | 66.41 53.34 44.54 37.73 29.43 21.81 16.65 | -1.744236 -0.286757 6.720730 | 256:2:1K,CLEAN=0,TRIG_HI=0
20240609 17:15:09  18.968 | 66.41 53.34 44.54 37.73 29.43 21.81 16.65 | -1.744236 -0.286757 6.720730 | 256:2:1K,CLEAN=0,TRIG_HI=1
20240609 17:16:01  19.098 | 81.20 68.71 53.69 49.86 38.05 31.99 23.82 | -1.145751 -0.899288 7.177729 | 256:2:1K,CLEAN=1,TRIG_HI=0
20240609 17:16:54  19.098 | 81.20 68.71 53.69 49.86 38.05 31.99 23.82 | -1.145751 -0.899288 7.177729 | 256:2:1K,CLEAN=1,TRIG_HI=1
20240609 17:17:29  18.858 | 52.55 44.10 32.82 27.99 23.72 16.50 12.58 | -1.426702 -0.947873 6.669513 | 512:4:256,CLEAN=0,TRIG_HI=0
20240609 17:18:05  18.879 | 58.12 46.43 34.29 29.48 24.91 18.30 13.38 | -0.865408 -1.912543 7.156891 | 512:4:256,CLEAN=0,TRIG_HI=1
20240609 17:18:40  18.981 | 69.32 54.18 47.39 36.92 29.86 23.52 18.00 | -0.953051 -1.550074 7.245692 | 512:4:256,CLEAN=1,TRIG_HI=0
20240609 17:19:15  19.018 | 72.21 58.63 49.47 39.66 34.29 25.45 19.24 | -1.455861 -0.600775 6.928358 | 512:4:256,CLEAN=1,TRIG_HI=1
20240609 17:19:56  18.809 | 50.10 33.92 29.92 26.63 19.79 13.95  9.20 | -2.765983 0.988445 5.817409 | 512:2:512,CLEAN=0,TRIG_HI=0
20240609 17:20:37  18.809 | 50.10 33.92 29.92 26.63 19.79 13.95  9.20 | -2.765983 0.988445 5.817409 | 512:2:512,CLEAN=0,TRIG_HI=1
20240609 17:21:17  18.947 | 61.63 48.75 40.14 35.15 28.72 21.15 16.35 | -1.395908 -0.694598 6.715427 | 512:2:512,CLEAN=1,TRIG_HI=0
20240609 17:21:58  18.947 | 61.63 48.75 40.14 35.15 28.72 21.15 16.35 | -1.395908 -0.694598 6.715427 | 512:2:512,CLEAN=1,TRIG_HI=1
20240609 17:22:48  18.840 | 58.17 48.97 36.18 30.14 24.50 17.94 13.26 | -1.274985 -1.459147 6.932296 | 256:9:256,CLEAN=0,TRIG_HI=0
20240609 17:23:38  18.948 | 70.44 55.84 48.19 38.83 30.69 24.06 18.73 | -1.047337 -1.453975 7.126041 | 256:9:256,CLEAN=0,TRIG_HI=1
20240609 17:24:28  18.848 | 60.24 48.96 35.27 29.97 26.31 19.64 14.22 | -0.574550 -2.394168 7.250877 | 256:9:256,CLEAN=1,TRIG_HI=0
20240609 17:25:19  18.965 | 77.06 62.93 46.32 33.13 35.43 26.04 21.65 | 1.522043 -5.471399 8.669829 | 256:9:256,CLEAN=1,TRIG_HI=1
20240609 17:26:09  18.758 | 55.42 45.55 35.32 27.19 21.11 17.13 13.18 | -0.145688 -3.269792 7.371261 | 256:10:256,CLEAN=0,TRIG_HI=0
20240609 17:27:01  18.882 | 65.80 52.96 45.31 36.87 28.19 23.32 17.99 | -0.863876 -1.770619 7.040882 | 256:10:256,CLEAN=0,TRIG_HI=1
20240609 17:27:52  18.880 | 64.31 55.04 44.17 36.71 29.32 22.17 17.32 | -1.434504 -0.978895 6.778960 | 256:10:256,CLEAN=1,TRIG_HI=0
20240609 17:28:43  19.009 | 80.61 67.39 52.52 51.57 39.05 31.17 23.94 | -1.415207 -0.655443 6.909246 | 256:10:256,CLEAN=1,TRIG_HI=1
20240609 17:29:33  18.729 | 52.59 41.18 31.36 25.77 21.15 15.42 12.42 | -0.136489 -3.236799 7.239625 | 256:5:512,CLEAN=0,TRIG_HI=0
20240609 17:30:35  18.741 | 50.23 44.86 33.94 26.12 20.18 16.66 13.81 | 0.120374 -3.469305 7.312057 | 256:5:512,CLEAN=0,TRIG_HI=1
20240609 17:31:25  18.852 | 67.98 52.70 39.77 35.39 27.45 22.04 16.99 | 0.014313 -3.254059 7.568342 | 256:5:512,CLEAN=1,TRIG_HI=0
20240609 17:32:27  18.897 | 69.51 59.02 47.24 36.75 27.78 24.85 20.40 | 0.568315 -3.930587 7.875374 | 256:5:512,CLEAN=1,TRIG_HI=1
20240609 17:33:12  18.718 | 50.74 39.41 31.75 25.27 19.11 16.20 12.05 | -0.107355 -3.235260 7.185188 | 512:5:256,CLEAN=0,TRIG_HI=0
20240609 17:34:03  18.738 | 49.11 45.17 33.31 26.02 20.42 16.28 14.03 | 0.126579 -3.433957 7.274108 | 512:5:256,CLEAN=0,TRIG_HI=1
20240609 17:34:49  18.827 | 62.35 54.30 38.27 31.03 26.01 21.54 16.66 | 0.482712 -3.931419 7.727021 | 512:5:256,CLEAN=1,TRIG_HI=0
20240609 17:35:40  18.881 | 65.07 56.47 48.35 35.13 26.31 23.77 19.17 | -0.066762 -2.992406 7.494377 | 512:5:256,CLEAN=1,TRIG_HI=1
20240609 17:36:32  18.730 | 51.52 44.69 34.99 27.98 21.88 17.08 12.92 | -1.280059 -1.508892 6.589347 | 256:11:256,CLEAN=0,TRIG_HI=0
20240609 17:37:25  18.868 | 68.32 57.47 50.02 38.99 30.19 23.69 18.58 | -1.512272 -0.985513 6.801500 | 256:11:256,CLEAN=0,TRIG_HI=1
20240609 17:38:16  18.806 | 61.35 53.77 38.84 33.94 26.83 21.40 15.58 | -1.089755 -1.673246 6.863164 | 256:11:256,CLEAN=1,TRIG_HI=0
20240609 17:39:09  18.945 | 81.19 66.13 51.34 48.94 36.91 27.49 23.57 | -0.721034 -1.937556 7.281531 | 256:11:256,CLEAN=1,TRIG_HI=1
20240609 17:39:55  18.824 | 70.52 59.13 46.49 38.52 30.45 23.45 18.29 | -0.962799 -1.924258 7.047230 | 1K:3:256,CLEAN=0,TRIG_HI=0
20240609 17:40:42  18.832 | 69.27 59.60 48.21 37.82 31.36 24.08 18.43 | -1.263527 -1.452773 6.891726 | 1K:3:256,CLEAN=0,TRIG_HI=1
20240609 17:41:28  18.837 | 73.33 61.74 47.85 32.69 32.35 25.44 21.74 | 1.525991 -5.107908 8.012788 | 1K:3:256,CLEAN=1,TRIG_HI=0
20240609 17:42:14  18.864 | 75.78 63.84 48.04 33.83 36.45 26.77 21.88 | 0.992310 -4.332513 7.811116 | 1K:3:256,CLEAN=1,TRIG_HI=1
20240609 17:43:06  18.728 | 57.72 47.63 38.50 30.66 23.82 18.17 14.42 | -0.918786 -2.112284 6.830571 | 256:12:256,CLEAN=0,TRIG_HI=0
20240609 17:44:00  18.829 | 69.78 57.48 47.65 38.06 31.11 23.52 18.69 | -1.018033 -1.766742 6.971028 | 256:12:256,CLEAN=0,TRIG_HI=1
20240609 17:44:52  18.751 | 62.91 49.42 37.96 31.56 27.23 20.27 15.27 | -0.502040 -2.582736 7.030284 | 256:12:256,CLEAN=1,TRIG_HI=0
20240609 17:45:45  18.844 | 71.92 62.98 46.37 33.74 33.36 25.52 21.53 | 1.063494 -4.437301 7.793915 | 256:12:256,CLEAN=1,TRIG_HI=1
20240609 17:46:42  18.730 | 59.22 49.28 38.89 30.87 23.24 19.14 14.76 | -0.467799 -2.740034 7.057183 | 256:6:512,CLEAN=0,TRIG_HI=0
20240609 17:47:46  18.798 | 65.96 55.10 44.42 35.61 27.62 23.08 17.01 | -0.879909 -2.017372 6.976546 | 256:6:512,CLEAN=0,TRIG_HI=1
20240609 17:48:44  18.781 | 65.34 52.68 40.78 34.16 28.25 21.81 17.17 | -0.271360 -2.787754 7.151276 | 256:6:512,CLEAN=1,TRIG_HI=0
20240609 17:49:48  18.823 | 67.53 56.67 46.90 37.77 29.18 23.57 19.27 | -0.572672 -2.293558 7.083424 | 256:6:512,CLEAN=1,TRIG_HI=1
20240609 17:50:55  18.822 | 71.15 57.39 45.74 39.68 29.72 23.62 17.93 | -1.052522 -1.810398 7.005784 | 256:3:1K,CLEAN=0,TRIG_HI=0
20240609 17:52:04  18.824 | 69.69 60.27 45.56 38.61 30.17 23.66 18.41 | -0.869286 -2.030133 7.071061 | 256:3:1K,CLEAN=0,TRIG_HI=1
20240609 17:53:12  18.843 | 72.72 64.25 46.25 32.89 33.22 25.32 22.44 | 1.724040 -5.334392 8.078588 | 256:3:1K,CLEAN=1,TRIG_HI=0
20240609 17:54:20  18.855 | 75.19 66.71 46.11 33.64 35.08 26.20 22.06 | 1.445202 -5.000611 8.025632 | 256:3:1K,CLEAN=1,TRIG_HI=1
20240609 17:55:13  18.737 | 58.27 51.40 40.04 30.89 23.48 19.23 15.75 | -0.259850 -2.950797 7.123158 | 512:6:256,CLEAN=0,TRIG_HI=0
20240609 17:56:05  18.788 | 67.70 56.53 41.43 36.62 27.40 21.77 17.49 | -0.208591 -2.999829 7.302018 | 512:6:256,CLEAN=0,TRIG_HI=1
20240609 17:56:57  18.776 | 66.70 50.56 41.98 34.45 27.29 21.45 16.74 | -0.342879 -2.767679 7.162181 | 512:6:256,CLEAN=1,TRIG_HI=0
20240609 17:57:50  18.823 | 67.15 54.73 49.63 37.78 29.01 23.14 18.80 | -1.100553 -1.607753 6.875943 | 512:6:256,CLEAN=1,TRIG_HI=1
20240609 17:58:42  18.691 | 52.13 47.70 35.69 27.65 20.89 17.02 13.61 | -0.513418 -2.703795 6.919457 | 512:3:512,CLEAN=0,TRIG_HI=0
20240609 17:59:35  18.693 | 51.93 49.51 37.10 27.07 20.86 16.60 13.52 | -0.647834 -2.605980 6.925407 | 512:3:512,CLEAN=0,TRIG_HI=1
20240609 18:00:28  18.807 | 65.64 55.82 42.82 37.55 28.84 22.56 18.05 | -0.808625 -2.013174 6.958004 | 512:3:512,CLEAN=1,TRIG_HI=0
20240609 18:01:21  18.819 | 66.68 56.10 44.57 37.90 29.84 23.70 18.08 | -1.109336 -1.576264 6.843571 | 512:3:512,CLEAN=1,TRIG_HI=1
20240609 18:02:15  18.675 | 53.97 45.65 37.60 28.48 22.19 17.15 12.78 | -1.536604 -1.478299 6.503696 | 256:13:256,CLEAN=0,TRIG_HI=0
20240609 18:03:16  18.780 | 64.39 55.62 47.27 38.05 28.21 22.46 17.32 | -1.816881 -0.831995 6.561949 | 256:13:256,CLEAN=0,TRIG_HI=1
20240609 18:04:10  18.765 | 66.08 54.98 45.75 34.38 27.85 22.84 17.52 | -0.565858 -2.465873 7.023804 | 256:13:256,CLEAN=1,TRIG_HI=0
20240609 18:05:12  18.899 | 81.19 66.46 57.55 51.13 39.26 29.79 24.09 | -1.738336 -0.607341 6.756580 | 256:13:256,CLEAN=1,TRIG_HI=1
20240609 18:06:14  18.629 | 55.29 42.67 35.48 28.33 22.21 15.95 12.32 | -1.313379 -1.920753 6.536806 | 256:14:256,CLEAN=0,TRIG_HI=0
20240609 18:07:25  18.776 | 67.36 58.43 50.43 40.23 30.91 22.81 19.15 | -1.756037 -0.953101 6.603558 | 256:14:256,CLEAN=0,TRIG_HI=1
20240609 18:08:27  18.648 | 51.00 45.57 37.57 28.90 22.24 17.36 13.69 | -1.538563 -1.358257 6.333199 | 256:14:256,CLEAN=1,TRIG_HI=0
20240609 18:09:37  18.812 | 67.07 62.42 47.02 36.48 33.04 26.81 23.26 | 0.566545 -3.404050 7.198016 | 256:14:256,CLEAN=1,TRIG_HI=1
20240609 18:10:37  18.675 | 57.48 49.20 39.99 31.80 23.88 17.67 13.61 | -1.908687 -1.142095 6.448911 | 256:7:512,CLEAN=0,TRIG_HI=0
20240609 18:11:39  18.735 | 68.33 54.03 44.43 35.74 29.46 22.00 16.30 | -1.303648 -1.710301 6.768688 | 256:7:512,CLEAN=0,TRIG_HI=1
20240609 18:12:39  18.709 | 59.77 50.76 40.26 34.08 26.76 20.78 15.60 | -1.499037 -1.318506 6.496046 | 256:7:512,CLEAN=1,TRIG_HI=0
20240609 18:13:42  18.758 | 64.56 56.67 47.54 39.00 28.81 22.63 17.99 | -1.778399 -0.938352 6.541366 | 256:7:512,CLEAN=1,TRIG_HI=1
20240609 18:14:36  18.668 | 57.19 49.21 40.63 29.54 23.68 18.12 13.71 | -1.421742 -1.723828 6.594554 | 512:7:256,CLEAN=0,TRIG_HI=0
20240609 18:15:30  18.744 | 68.22 57.03 46.26 35.66 29.33 22.60 17.24 | -1.004689 -2.048775 6.886144 | 512:7:256,CLEAN=0,TRIG_HI=1
20240609 18:16:24  18.702 | 60.55 51.49 40.73 33.64 26.34 19.79 15.55 | -1.305166 -1.666124 6.621704 | 512:7:256,CLEAN=1,TRIG_HI=0
20240609 18:17:18  18.752 | 63.99 54.37 48.95 38.34 28.28 21.87 17.50 | -2.027160 -0.671013 6.457183 | 512:7:256,CLEAN=1,TRIG_HI=1
20240609 18:18:17  18.616 | 56.33 42.27 36.65 28.76 22.86 17.13 11.59 | -2.100347 -1.088826 6.273738 | 256:15:256,CLEAN=0,TRIG_HI=0
20240609 18:19:14  18.747 | 71.12 57.56 49.56 39.28 30.77 24.46 18.85 | -1.149021 -1.796333 6.789845 | 256:15:256,CLEAN=0,TRIG_HI=1
20240609 18:20:12  18.652 | 54.75 49.53 40.27 31.17 24.09 18.54 13.88 | -2.101566 -0.867479 6.268053 | 256:15:256,CLEAN=1,TRIG_HI=0
20240609 18:21:09  18.821 | 72.18 66.33 55.95 43.55 38.08 27.72 23.52 | -1.550741 -0.962882 6.643581 | 256:15:256,CLEAN=1,TRIG_HI=1
20240609 18:22:04  18.697 | 70.88 56.51 45.62 37.73 29.68 23.56 16.95 | -1.199457 -1.952652 6.749596 | 1K:4:256,CLEAN=0,TRIG_HI=0
20240609 18:22:58  18.714 | 70.69 56.77 48.29 39.86 31.32 23.90 17.12 | -2.082832 -0.905952 6.514738 | 1K:4:256,CLEAN=0,TRIG_HI=1
20240609 18:23:52  18.807 | 80.94 70.08 55.77 46.48 39.44 29.33 23.77 | -1.088576 -1.715912 6.901504 | 1K:4:256,CLEAN=1,TRIG_HI=0
20240609 18:24:47  18.805 | 77.14 70.42 57.80 50.56 39.32 28.76 23.45 | -2.363213 -0.238932 6.533030 | 1K:4:256,CLEAN=1,TRIG_HI=1
20240609 18:25:46  18.606 | 51.98 48.91 38.07 30.67 21.72 17.90 13.62 | -1.774060 -1.350871 6.276897 | 1K:2:512,CLEAN=0,TRIG_HI=0
20240609 18:26:46  18.606 | 51.98 48.91 38.07 30.67 21.72 17.90 13.62 | -1.774060 -1.350871 6.276897 | 1K:2:512,CLEAN=0,TRIG_HI=1
20240609 18:27:46  18.769 | 76.28 65.97 54.18 42.14 33.01 28.47 21.75 | -0.619563 -2.346846 6.978679 | 1K:2:512,CLEAN=1,TRIG_HI=0
20240609 18:28:45  18.769 | 76.28 65.97 54.18 42.14 33.01 28.47 21.75 | -0.619563 -2.346846 6.978679 | 1K:2:512,CLEAN=1,TRIG_HI=1
20240609 18:29:48  18.569 | 47.54 41.31 34.53 28.97 19.66 14.80 10.01 | -3.782026 0.601170 5.690713 | 256:8:512,CLEAN=0,TRIG_HI=0
20240609 18:30:53  18.600 | 50.30 48.57 38.63 30.07 21.20 16.89 13.13 | -2.190838 -0.949821 6.167007 | 256:8:512,CLEAN=0,TRIG_HI=1
20240609 18:31:56  18.674 | 62.60 52.93 40.78 36.04 27.66 22.88 15.49 | -1.783292 -1.168116 6.404000 | 256:8:512,CLEAN=1,TRIG_HI=0
20240609 18:33:01  18.734 | 70.10 61.12 51.04 42.05 29.93 26.16 18.96 | -1.695500 -1.217284 6.616141 | 256:8:512,CLEAN=1,TRIG_HI=1
20240609 18:34:24  18.690 | 62.78 52.75 42.17 38.89 29.02 22.58 16.14 | -2.349137 -0.459561 6.244395 | 256:4:1K,CLEAN=0,TRIG_HI=0
20240609 18:35:48  18.702 | 66.87 58.57 47.09 38.11 29.02 22.94 17.94 | -1.325591 -1.721512 6.668934 | 256:4:1K,CLEAN=0,TRIG_HI=1
20240609 18:37:11  18.816 | 81.13 69.54 57.41 47.32 39.30 29.87 24.50 | -1.062623 -1.692653 6.896262 | 256:4:1K,CLEAN=1,TRIG_HI=0
20240609 18:38:34  18.818 | 77.88 68.25 57.49 50.25 39.50 28.97 24.89 | -1.722884 -0.854481 6.657331 | 256:4:1K,CLEAN=1,TRIG_HI=1
20240609 18:39:30  18.569 | 49.39 39.15 34.98 27.46 21.41 15.81 10.76 | -2.969093 -0.121323 5.839346 | 512:8:256,CLEAN=0,TRIG_HI=0
20240609 18:40:26  18.592 | 51.73 44.67 36.42 30.76 21.85 16.23 13.18 | -1.921718 -1.205752 6.194277 | 512:8:256,CLEAN=0,TRIG_HI=1
20240609 18:41:21  18.660 | 64.06 50.83 40.05 35.05 27.65 21.28 15.28 | -1.417204 -1.670467 6.526430 | 512:8:256,CLEAN=1,TRIG_HI=0
20240609 18:42:17  18.729 | 71.35 58.26 50.45 40.33 30.58 25.49 19.14 | -1.229139 -1.727441 6.720441 | 512:8:256,CLEAN=1,TRIG_HI=1
20240609 18:43:17  18.513 | 44.99 36.08 30.40 25.34 17.04 12.43  8.53 | -3.314074 -0.147273 5.756601 | 512:4:512,CLEAN=0,TRIG_HI=0
20240609 18:44:17  18.553 | 48.17 36.82 34.30 27.63 19.05 13.96  9.12 | -3.947607 0.673234 5.640929 | 512:4:512,CLEAN=0,TRIG_HI=1
20240609 18:45:17  18.641 | 60.70 49.45 38.70 33.83 26.41 19.48 14.56 | -1.637959 -1.476822 6.428085 | 512:4:512,CLEAN=1,TRIG_HI=0
20240609 18:46:17  18.681 | 65.66 54.28 43.79 36.32 28.82 22.01 15.99 | -1.733151 -1.332478 6.518284 | 512:4:512,CLEAN=1,TRIG_HI=1
20240609 18:47:40  18.602 | 53.53 45.44 38.23 30.68 21.92 17.60 13.22 | -1.849601 -1.294142 6.256452 | 512:2:1K,CLEAN=0,TRIG_HI=0
20240609 18:49:04  18.602 | 53.53 45.44 38.23 30.68 21.92 17.60 13.22 | -1.849601 -1.294142 6.256452 | 512:2:1K,CLEAN=0,TRIG_HI=1
20240609 18:50:28  18.760 | 78.52 64.97 52.87 42.02 33.41 27.11 21.43 | -0.416208 -2.665243 7.072917 | 512:2:1K,CLEAN=1,TRIG_HI=0
20240609 18:51:51  18.760 | 78.52 64.97 52.87 42.02 33.41 27.11 21.43 | -0.416208 -2.665243 7.072917 | 512:2:1K,CLEAN=1,TRIG_HI=1
20240609 18:52:56  18.542 | 56.15 43.16 38.38 28.82 21.82 17.21 12.06 | -1.796009 -1.718060 6.267113 | 256:9:512,CLEAN=0,TRIG_HI=0
20240609 18:54:01  18.641 | 70.84 52.24 47.09 36.78 29.77 22.58 15.91 | -1.750028 -1.558927 6.525291 | 256:9:512,CLEAN=0,TRIG_HI=1
20240609 18:55:05  18.585 | 53.55 48.17 38.69 32.88 24.55 18.95 14.13 | -2.395970 -0.722257 6.051016 | 256:9:512,CLEAN=1,TRIG_HI=0
20240609 18:56:10  18.680 | 62.65 59.95 50.66 42.73 30.42 23.43 18.19 | -3.173000 0.211872 6.132337 | 256:9:512,CLEAN=1,TRIG_HI=1
20240609 18:57:06  18.564 | 56.65 46.64 37.67 30.67 23.96 17.61 12.01 | -2.566860 -0.920681 6.141965 | 512:9:256,CLEAN=0,TRIG_HI=0
20240609 18:58:03  18.634 | 69.58 52.02 43.35 38.20 28.92 22.10 15.55 | -1.783861 -1.520767 6.486900 | 512:9:256,CLEAN=0,TRIG_HI=1
20240609 18:59:00  18.582 | 52.99 49.03 39.35 30.50 25.67 18.45 14.23 | -2.226578 -0.905608 6.088451 | 512:9:256,CLEAN=1,TRIG_HI=0
20240609 18:59:57  18.679 | 64.94 57.99 50.84 41.04 30.96 23.58 18.58 | -2.512935 -0.460542 6.279289 | 512:9:256,CLEAN=1,TRIG_HI=1
20240609 19:00:54  18.530 | 57.86 47.37 40.72 31.10 24.34 17.68 13.81 | -1.764938 -1.779438 6.247094 | 1K:5:256,CLEAN=0,TRIG_HI=0
20240609 19:01:50  18.589 | 68.46 52.09 43.96 37.25 29.12 21.55 15.50 | -1.890214 -1.580795 6.393938 | 1K:5:256,CLEAN=0,TRIG_HI=1
20240609 19:02:47  18.645 | 75.81 61.44 51.13 39.66 31.90 25.86 19.78 | -0.596769 -2.631649 6.753025 | 1K:5:256,CLEAN=1,TRIG_HI=0
20240609 19:03:44  18.727 | 78.86 69.55 57.99 54.06 41.46 29.65 23.90 | -2.759757 -0.214498 6.420436 | 1K:5:256,CLEAN=1,TRIG_HI=1
20240609 19:04:48  18.442 | 46.36 36.42 31.73 25.98 18.45 13.07  8.57 | -3.820233 -0.232985 5.656953 | 256:10:512,CLEAN=0,TRIG_HI=0
20240609 19:05:56  18.495 | 51.39 43.99 37.69 28.59 22.06 15.27 12.44 | -2.196413 -1.423398 6.048353 | 256:10:512,CLEAN=0,TRIG_HI=1
20240609 19:07:00  18.529 | 57.28 46.89 39.14 31.36 24.79 17.42 13.20 | -2.188303 -1.397323 6.159155 | 256:10:512,CLEAN=1,TRIG_HI=0
20240609 19:08:07  18.622 | 70.73 51.58 50.56 40.16 31.02 23.03 17.26 | -2.245966 -1.079499 6.346481 | 256:10:512,CLEAN=1,TRIG_HI=1
20240609 19:09:40  18.530 | 56.38 48.12 40.69 31.30 23.66 17.55 13.22 | -2.259471 -1.364936 6.164799 | 256:5:1K,CLEAN=0,TRIG_HI=0
20240609 19:11:15  18.597 | 69.03 50.41 44.35 39.02 29.74 22.53 14.81 | -2.682413 -0.808485 6.247724 | 256:5:1K,CLEAN=0,TRIG_HI=1
20240609 19:12:48  18.652 | 71.06 59.45 50.78 42.63 32.54 25.55 19.35 | -1.906799 -1.257421 6.437387 | 256:5:1K,CLEAN=1,TRIG_HI=0
20240609 19:14:23  18.723 | 86.40 67.09 54.91 50.78 39.95 29.76 23.91 | -1.070750 -1.946573 6.776172 | 256:5:1K,CLEAN=1,TRIG_HI=1
20240609 19:15:21  18.438 | 49.18 36.04 32.26 25.70 18.50 12.79  8.92 | -2.986834 -1.089669 5.858836 | 512:10:256,CLEAN=0,TRIG_HI=0
20240609 19:16:20  18.500 | 52.49 46.74 37.82 28.62 22.94 15.23 13.08 | -1.808986 -1.802680 6.161144 | 512:10:256,CLEAN=0,TRIG_HI=1
20240609 19:17:18  18.525 | 58.03 47.01 39.17 31.30 24.48 17.02 13.27 | -1.954343 -1.670010 6.223696 | 512:10:256,CLEAN=1,TRIG_HI=0
20240609 19:18:16  18.618 | 70.61 55.08 50.69 40.36 29.95 22.25 17.52 | -1.996840 -1.418477 6.445875 | 512:10:256,CLEAN=1,TRIG_HI=1
20240609 19:19:18  18.395 | 44.81 35.05 27.68 22.33 16.40 10.65  7.28 | -3.164756 -1.230867 5.786701 | 512:5:512,CLEAN=0,TRIG_HI=0
20240609 19:20:26  18.421 | 48.98 35.08 29.77 25.21 16.83 12.57  8.02 | -2.909630 -1.320406 5.877743 | 512:5:512,CLEAN=0,TRIG_HI=1
20240609 19:21:29  18.510 | 54.46 46.58 39.36 30.36 22.10 15.84 12.30 | -2.441356 -1.335734 6.124010 | 512:5:512,CLEAN=1,TRIG_HI=0
20240609 19:22:35  18.531 | 62.76 47.82 39.00 32.66 26.24 16.26 13.86 | -1.534513 -2.158718 6.386580 | 512:5:512,CLEAN=1,TRIG_HI=1
20240609 19:23:41  18.392 | 47.81 37.79 28.87 25.09 18.99 12.99  8.73 | -2.814919 -1.425663 5.798708 | 256:11:512,CLEAN=0,TRIG_HI=0
20240609 19:24:55  18.504 | 61.46 48.00 37.21 32.95 27.67 18.20 13.92 | -1.775563 -1.858672 6.195611 | 256:11:512,CLEAN=0,TRIG_HI=1
20240609 19:26:02  18.477 | 54.59 47.42 36.25 30.81 23.34 17.47 12.83 | -2.020680 -1.686227 6.070812 | 256:11:512,CLEAN=1,TRIG_HI=0
20240609 19:27:14  18.632 | 74.16 62.23 53.40 43.44 34.21 27.16 20.43 | -1.718172 -1.538917 6.467732 | 256:11:512,CLEAN=1,TRIG_HI=1
20240609 19:28:15  18.395 | 48.60 37.16 28.27 26.28 19.36 13.24  9.12 | -2.610369 -1.508058 5.808669 | 512:11:256,CLEAN=0,TRIG_HI=0
20240609 19:29:17  18.521 | 63.21 50.61 37.05 36.52 27.39 19.67 14.29 | -1.936489 -1.694766 6.217270 | 512:11:256,CLEAN=0,TRIG_HI=1
20240609 19:30:17  18.480 | 54.01 47.52 36.98 30.87 23.45 17.52 13.28 | -1.951603 -1.685198 6.065167 | 512:11:256,CLEAN=1,TRIG_HI=0
20240609 19:31:18  18.629 | 76.75 62.72 52.21 44.08 34.96 26.68 20.00 | -1.705637 -1.639756 6.513313 | 512:11:256,CLEAN=1,TRIG_HI=1
20240609 19:32:18  18.509 | 60.31 52.30 41.75 35.62 28.55 21.28 14.98 | -2.591489 -1.137731 6.058190 | 1K:6:256,CLEAN=0,TRIG_HI=0
20240609 19:33:17  18.560 | 71.40 58.22 46.73 40.86 32.50 24.26 18.48 | -1.531716 -1.915217 6.361539 | 1K:6:256,CLEAN=0,TRIG_HI=1
20240609 19:34:17  18.518 | 64.12 48.78 40.83 39.28 28.78 22.27 15.18 | -2.552786 -1.109806 6.066121 | 1K:6:256,CLEAN=1,TRIG_HI=0
20240609 19:35:17  18.600 | 69.83 62.36 48.40 38.41 38.18 27.54 20.59 | -1.380486 -1.713714 6.332327 | 1K:6:256,CLEAN=1,TRIG_HI=1
20240609 19:36:20  18.511 | 67.31 50.32 43.01 34.97 30.08 21.92 15.35 | -1.736284 -1.893524 6.229114 | 1K:3:512,CLEAN=0,TRIG_HI=0
20240609 19:37:24  18.511 | 67.65 51.80 44.12 35.47 29.42 21.59 15.12 | -1.941006 -1.826458 6.248708 | 1K:3:512,CLEAN=0,TRIG_HI=1
20240609 19:38:28  18.565 | 65.20 57.24 47.97 41.29 32.56 24.58 17.64 | -2.929413 -0.675302 6.122684 | 1K:3:512,CLEAN=1,TRIG_HI=0
20240609 19:39:33  18.577 | 64.07 57.99 49.35 40.94 34.14 25.63 18.26 | -3.110692 -0.406181 6.078442 | 1K:3:512,CLEAN=1,TRIG_HI=1
20240609 19:40:42  18.446 | 56.55 44.40 37.51 30.75 24.00 17.82 12.39 | -2.323171 -1.602228 5.982436 | 256:12:512,CLEAN=0,TRIG_HI=0
20240609 19:41:56  18.539 | 71.34 54.72 46.99 39.91 30.56 22.42 17.27 | -1.668456 -1.957656 6.348160 | 256:12:512,CLEAN=0,TRIG_HI=1
20240609 19:43:05  18.468 | 57.39 50.80 38.67 32.19 26.02 18.06 14.08 | -1.983330 -1.806299 6.087433 | 256:12:512,CLEAN=1,TRIG_HI=0
20240609 19:44:19  18.573 | 66.03 57.25 52.56 40.31 33.43 25.05 18.17 | -3.007176 -0.599012 6.139601 | 256:12:512,CLEAN=1,TRIG_HI=1
20240609 19:46:00  18.502 | 63.45 50.99 42.33 35.00 27.96 21.21 15.17 | -1.890987 -1.769762 6.173672 | 256:6:1K,CLEAN=0,TRIG_HI=0
20240609 19:47:41  18.565 | 71.22 58.85 48.92 42.02 33.29 23.89 18.18 | -2.250043 -1.382563 6.308108 | 256:6:1K,CLEAN=0,TRIG_HI=1
20240609 19:49:23  18.518 | 63.65 48.99 43.05 38.27 28.55 21.88 15.55 | -2.464361 -1.188216 6.084484 | 256:6:1K,CLEAN=1,TRIG_HI=0
20240609 19:51:04  18.594 | 71.26 68.26 50.58 38.54 36.90 28.62 19.11 | -1.920223 -1.508633 6.379333 | 256:6:1K,CLEAN=1,TRIG_HI=1
20240609 19:52:05  18.441 | 58.33 44.73 37.99 30.48 23.69 17.22 12.15 | -2.165673 -1.866284 6.053162 | 512:12:256,CLEAN=0,TRIG_HI=0
20240609 19:53:08  18.532 | 74.08 56.08 46.41 38.30 31.06 22.03 16.82 | -1.308402 -2.382172 6.443760 | 512:12:256,CLEAN=0,TRIG_HI=1
20240609 19:54:09  18.478 | 58.81 50.05 40.19 32.90 26.52 18.93 14.15 | -2.176735 -1.622818 6.081541 | 512:12:256,CLEAN=1,TRIG_HI=0
20240609 19:55:12  18.569 | 66.78 57.34 50.71 41.49 32.91 24.84 17.60 | -3.117607 -0.575066 6.142455 | 512:12:256,CLEAN=1,TRIG_HI=1
20240609 19:56:18  18.410 | 51.69 38.56 35.30 28.90 21.78 14.57 10.18 | -3.536572 -0.846659 5.750856 | 512:6:512,CLEAN=0,TRIG_HI=0
20240609 19:57:20  18.433 | 54.31 43.24 38.94 28.71 22.95 17.23 12.66 | -1.975554 -1.843044 5.976714 | 512:6:512,CLEAN=0,TRIG_HI=1
20240609 19:58:16  18.485 | 61.47 50.52 40.95 33.49 26.87 19.87 14.76 | -1.719048 -1.965919 6.166796 | 512:6:512,CLEAN=1,TRIG_HI=0
20240609 19:59:13  18.544 | 69.94 55.94 45.50 39.49 31.28 22.92 17.83 | -1.448371 -2.030482 6.339586 | 512:6:512,CLEAN=1,TRIG_HI=1
20240609 20:00:15  18.503 | 69.51 52.64 42.51 35.90 29.09 20.33 15.86 | -1.127589 -2.529858 6.366797 | 512:3:1K,CLEAN=0,TRIG_HI=0
20240609 20:01:17  18.508 | 70.72 52.63 43.47 36.26 29.34 20.77 15.91 | -1.179133 -2.493864 6.379865 | 512:3:1K,CLEAN=0,TRIG_HI=1
20240609 20:02:18  18.554 | 65.70 55.98 50.66 38.71 32.00 23.41 17.26 | -2.796435 -0.895087 6.162230 | 512:3:1K,CLEAN=1,TRIG_HI=0
20240609 20:03:35  18.566 | 65.81 59.15 49.01 40.75 33.58 24.52 17.33 | -3.181999 -0.541197 6.132906 | 512:3:1K,CLEAN=1,TRIG_HI=1
20240609 20:04:48  18.326 | 49.22 37.27 31.69 22.81 20.36 13.47  9.48 | -2.040568 -2.271676 5.765615 | 256:13:512,CLEAN=0,TRIG_HI=0
20240609 20:06:16  18.405 | 54.90 45.08 37.87 30.05 23.64 16.64 13.52 | -1.640017 -2.189763 5.963433 | 256:13:512,CLEAN=0,TRIG_HI=1
20240609 20:07:28  18.425 | 59.56 48.30 39.52 29.58 26.26 18.47 14.47 | -1.009042 -2.621149 6.104747 | 256:13:512,CLEAN=1,TRIG_HI=0
20240609 20:08:55  18.536 | 72.79 55.51 53.46 39.68 32.41 24.39 19.38 | -1.435827 -2.059514 6.323681 | 256:13:512,CLEAN=1,TRIG_HI=1
20240609 20:09:57  18.324 | 47.15 38.49 30.76 23.05 19.86 13.33  9.41 | -2.268963 -2.084783 5.721735 | 512:13:256,CLEAN=0,TRIG_HI=0
20240609 20:11:18  18.406 | 53.34 45.35 40.53 27.95 23.51 17.16 13.36 | -1.813197 -2.044312 5.937228 | 512:13:256,CLEAN=0,TRIG_HI=1
20240609 20:12:21  18.428 | 57.18 48.10 40.85 29.67 25.66 18.36 14.26 | -1.554822 -2.196416 6.033226 | 512:13:256,CLEAN=1,TRIG_HI=0
20240609 20:13:42  18.525 | 72.23 57.01 50.83 40.54 31.80 23.56 18.22 | -1.823923 -1.895688 6.307044 | 512:13:256,CLEAN=1,TRIG_HI=1
20240609 20:14:50  18.435 | 64.42 52.01 43.99 34.99 26.71 20.37 15.41 | -1.585811 -2.323686 6.118621 | 1K:7:256,CLEAN=0,TRIG_HI=0
20240609 20:15:54  18.500 | 75.41 58.80 48.52 40.14 32.40 26.21 17.69 | -1.492182 -2.237037 6.299489 | 1K:7:256,CLEAN=0,TRIG_HI=1
20240609 20:17:01  18.464 | 66.70 52.08 45.13 36.74 29.69 23.19 15.82 | -2.077520 -1.819227 6.098643 | 1K:7:256,CLEAN=1,TRIG_HI=0
20240609 20:18:05  18.504 | 82.39 60.64 51.50 34.21 34.97 29.06 17.63 | -0.365848 -3.084845 6.453395 | 1K:7:256,CLEAN=1,TRIG_HI=1
20240609 20:19:33  18.349 | 54.15 40.61 32.45 28.28 22.63 17.70 11.21 | -1.931509 -2.123765 5.782672 | 256:14:512,CLEAN=0,TRIG_HI=0
20240609 20:21:14  18.492 | 69.98 57.33 43.69 39.83 31.38 25.69 18.01 | -1.226707 -2.237103 6.205518 | 256:14:512,CLEAN=0,TRIG_HI=1
20240609 20:22:41  18.385 | 59.79 48.28 39.23 30.42 23.51 18.05 12.96 | -1.504905 -2.586751 6.027512 | 256:14:512,CLEAN=1,TRIG_HI=0
20240609 20:24:22  18.503 | 79.61 58.77 51.35 40.60 32.41 26.06 18.03 | -1.235913 -2.505116 6.379603 | 256:14:512,CLEAN=1,TRIG_HI=1
20240609 20:26:18  18.432 | 67.53 54.89 42.08 34.67 27.25 20.59 14.90 | -1.284905 -2.670662 6.200324 | 256:7:1K,CLEAN=0,TRIG_HI=0
20240609 20:28:14  18.500 | 73.90 60.09 49.41 41.80 32.20 24.35 18.00 | -1.856796 -2.034394 6.287357 | 256:7:1K,CLEAN=0,TRIG_HI=1
20240609 20:28:50  18.466 | 67.11 53.72 45.86 38.58 29.05 23.19 14.85 | -2.874156 -1.420444 6.091966 | 256:7:1K,CLEAN=1,TRIG_HI=0
20240609 20:29:24  18.519 | 83.37 61.18 50.12 35.81 35.68 28.89 19.76 | 0.438309 -3.480366 6.495694 | 256:7:1K,CLEAN=1,TRIG_HI=1
20240609 20:30:18  18.321 | 51.41 38.17 31.99 26.63 20.19 15.35 10.00 | -2.280882 -2.110038 5.719390 | 512:14:256,CLEAN=0,TRIG_HI=0
20240609 20:31:22  18.487 | 70.31 55.70 43.57 40.05 32.26 24.65 17.20 | -1.743119 -1.951088 6.172528 | 512:14:256,CLEAN=0,TRIG_HI=1
20240609 20:32:17  18.376 | 58.99 43.58 37.08 30.60 23.94 17.70 13.38 | -1.192159 -2.612582 5.957555 | 512:14:256,CLEAN=1,TRIG_HI=0
20240609 20:33:21  18.497 | 74.76 54.80 49.81 38.46 32.95 25.31 18.09 | -1.306477 -2.287771 6.268148 | 512:14:256,CLEAN=1,TRIG_HI=1
20240609 20:34:10  18.342 | 53.17 40.10 32.05 27.55 21.76 16.64  9.67 | -2.903975 -1.706621 5.729273 | 512:7:512,CLEAN=0,TRIG_HI=0
20240609 20:34:58  18.376 | 59.89 46.63 39.18 28.69 22.78 18.94 12.80 | -1.030637 -2.871704 6.031845 | 512:7:512,CLEAN=0,TRIG_HI=1
20240609 20:35:46  18.413 | 65.36 51.80 41.17 32.57 25.73 20.06 14.43 | -1.000554 -2.854001 6.158459 | 512:7:512,CLEAN=1,TRIG_HI=0
20240609 20:36:35  18.477 | 74.20 57.02 44.57 38.36 30.69 24.55 17.43 | -0.730724 -2.787942 6.304314 | 512:7:512,CLEAN=1,TRIG_HI=1
20240609 20:37:35  18.272 | 53.25 41.21 30.23 22.85 19.91 14.90  9.42 | -1.077199 -3.247515 5.769696 | 256:15:512,CLEAN=0,TRIG_HI=0
20240609 20:38:34  18.378 | 69.41 52.42 40.56 28.01 27.39 22.50 14.35 | 0.256649 -3.676190 6.160267 | 256:15:512,CLEAN=0,TRIG_HI=1
20240609 20:39:35  18.363 | 61.85 50.25 38.88 31.01 24.40 18.14 13.80 | -0.952743 -2.994479 6.018078 | 256:15:512,CLEAN=1,TRIG_HI=0
20240609 20:40:33  18.496 | 77.46 60.45 56.85 39.50 33.27 27.06 20.12 | -1.000440 -2.543410 6.316262 | 256:15:512,CLEAN=1,TRIG_HI=1
20240609 20:41:29  18.272 | 52.39 39.94 31.31 23.44 18.89 14.66  9.28 | -1.429697 -3.047426 5.741506 | 512:15:256,CLEAN=0,TRIG_HI=0
20240609 20:42:22  18.379 | 67.77 50.61 40.13 29.62 26.32 22.41 14.19 | -0.167020 -3.366593 6.107186 | 512:15:256,CLEAN=0,TRIG_HI=1
20240609 20:43:17  18.365 | 60.99 47.50 38.83 31.31 24.21 19.15 13.31 | -1.404741 -2.627303 5.954109 | 512:15:256,CLEAN=1,TRIG_HI=0
20240609 20:44:10  18.496 | 73.58 59.69 53.51 41.69 32.89 27.48 19.27 | -1.813613 -1.952467 6.220147 | 512:15:256,CLEAN=1,TRIG_HI=1
20240609 20:44:56  18.331 | 63.37 48.57 38.45 30.01 23.04 21.06 14.16 | 0.057252 -3.474741 5.951098 | 1K:8:256,CLEAN=0,TRIG_HI=0
20240609 20:45:43  18.425 | 73.76 59.79 43.63 39.52 30.01 24.74 17.47 | -0.741723 -2.889469 6.167677 | 1K:8:256,CLEAN=0,TRIG_HI=1
20240609 20:46:29  18.448 | 74.03 59.92 51.26 40.57 30.37 25.46 19.10 | -1.016690 -2.643170 6.196522 | 1K:8:256,CLEAN=1,TRIG_HI=0
20240609 20:47:16  18.554 | 86.67 70.26 55.52 52.57 40.70 33.02 24.53 | -1.213794 -2.169981 6.382192 | 1K:8:256,CLEAN=1,TRIG_HI=1
20240609 20:48:04  18.315 | 57.98 49.53 36.45 28.50 22.84 18.37 13.21 | -0.630333 -3.175649 5.870172 | 1K:4:512,CLEAN=0,TRIG_HI=0
20240609 20:48:54  18.326 | 64.77 49.64 39.70 29.58 22.09 20.45 13.87 | 0.217035 -3.726150 5.998783 | 1K:4:512,CLEAN=0,TRIG_HI=1
20240609 20:49:43  18.456 | 80.35 59.39 52.80 41.37 31.61 26.37 19.20 | -0.759083 -2.864036 6.270716 | 1K:4:512,CLEAN=1,TRIG_HI=0
20240609 20:50:33  18.475 | 84.79 65.73 51.64 41.68 32.08 28.57 21.07 | 0.485485 -3.543398 6.380607 | 1K:4:512,CLEAN=1,TRIG_HI=1
20240609 20:51:53  18.430 | 74.84 62.19 44.02 38.63 30.02 26.28 17.89 | -0.304282 -3.116929 6.204788 | 1K:2:1K,CLEAN=0,TRIG_HI=0
20240609 20:53:13  18.430 | 74.84 62.19 44.02 38.63 30.02 26.28 17.89 | -0.304282 -3.116929 6.204788 | 1K:2:1K,CLEAN=0,TRIG_HI=1
20240609 20:54:34  18.562 | 89.01 72.36 56.77 56.17 41.51 33.28 25.21 | -1.423138 -2.069016 6.420107 | 1K:2:1K,CLEAN=1,TRIG_HI=0
20240609 20:55:55  18.562 | 89.01 72.36 56.77 56.17 41.51 33.28 25.21 | -1.423138 -2.069016 6.420107 | 1K:2:1K,CLEAN=1,TRIG_HI=1
20240609 20:57:22  18.338 | 63.84 51.93 40.33 30.62 23.40 19.62 14.28 | -0.276542 -3.434630 6.001592 | 256:8:1K,CLEAN=0,TRIG_HI=0
20240609 20:58:47  18.415 | 71.18 57.63 42.43 38.36 27.94 25.75 17.29 | -0.423962 -2.982365 6.119119 | 256:8:1K,CLEAN=0,TRIG_HI=1
20240609 21:00:12  18.435 | 72.02 57.51 51.27 38.61 30.32 24.14 18.23 | -1.306225 -2.515145 6.150259 | 256:8:1K,CLEAN=1,TRIG_HI=0
20240609 21:01:38  18.558 | 87.34 70.79 55.95 51.93 41.70 33.28 24.76 | -1.149178 -2.197134 6.392689 | 256:8:1K,CLEAN=1,TRIG_HI=1
20240609 21:02:29  18.204 | 45.95 36.78 28.15 21.71 15.43 13.15  8.02 | -1.695905 -3.064677 5.502051 | 512:8:512,CLEAN=0,TRIG_HI=0
20240609 21:03:20  18.207 | 51.71 37.09 27.50 22.07 15.83 15.93  9.07 | 0.250157 -3.994925 5.623759 | 512:8:512,CLEAN=0,TRIG_HI=1
20240609 21:04:10  18.312 | 59.74 48.42 36.87 29.44 21.37 18.57 12.71 | -0.642372 -3.279590 5.893643 | 512:8:512,CLEAN=1,TRIG_HI=0
20240609 21:05:01  18.337 | 72.77 54.16 37.33 30.66 23.10 24.22 15.65 | 2.091438 -4.690797 6.150762 | 512:8:512,CLEAN=1,TRIG_HI=1
20240609 21:06:22  18.330 | 56.12 47.94 40.34 29.01 22.54 18.99 12.89 | -1.697485 -2.522536 5.823126 | 512:4:1K,CLEAN=0,TRIG_HI=0
20240609 21:07:42  18.320 | 58.71 50.49 38.61 27.72 22.80 19.56 13.99 | -0.126760 -3.390371 5.906556 | 512:4:1K,CLEAN=0,TRIG_HI=1
20240609 21:09:03  18.444 | 72.62 58.25 53.12 39.48 29.70 25.53 18.57 | -1.303679 -2.485020 6.168351 | 512:4:1K,CLEAN=1,TRIG_HI=0
20240609 21:10:23  18.457 | 79.89 65.28 53.31 40.31 29.37 28.44 19.48 | -0.180996 -3.238190 6.325930 | 512:4:1K,CLEAN=1,TRIG_HI=1
20240609 21:11:41  18.427 | 72.81 58.89 43.05 38.12 30.59 25.03 18.51 | -0.138127 -3.092582 6.153078 | 4K:2:256,CLEAN=0,TRIG_HI=0
20240609 21:12:58  18.427 | 72.81 58.89 43.05 38.12 30.59 25.03 18.51 | -0.138127 -3.092582 6.153078 | 4K:2:256,CLEAN=0,TRIG_HI=1
20240609 21:14:16  18.555 | 87.79 71.24 55.34 56.09 42.75 32.38 24.57 | -1.771090 -1.864527 6.387481 | 4K:2:256,CLEAN=1,TRIG_HI=0
20240609 21:15:33  18.555 | 87.79 71.24 55.34 56.09 42.75 32.38 24.57 | -1.771090 -1.864527 6.387481 | 4K:2:256,CLEAN=1,TRIG_HI=1
20240609 21:16:22  18.310 | 62.37 52.22 40.66 32.81 25.66 18.85 14.08 | -1.589115 -2.798374 5.826378 | 1K:9:256,CLEAN=0,TRIG_HI=0
20240609 21:17:10  18.408 | 78.73 62.81 49.85 43.17 30.87 25.43 19.95 | -0.479852 -3.061804 6.135333 | 1K:9:256,CLEAN=0,TRIG_HI=1
20240609 21:17:59  18.309 | 67.79 54.25 36.59 32.97 25.85 22.11 14.71 | -0.026421 -3.452853 5.877799 | 1K:9:256,CLEAN=1,TRIG_HI=0
20240609 21:18:48  18.428 | 78.69 73.43 51.70 35.97 30.33 30.08 22.52 | 1.708385 -3.977978 6.198236 | 1K:9:256,CLEAN=1,TRIG_HI=1
20240609 21:20:20  18.309 | 61.10 52.58 39.54 31.86 25.51 20.05 14.08 | -1.385357 -2.799056 5.802717 | 256:9:1K,CLEAN=0,TRIG_HI=0
20240609 21:21:53  18.418 | 77.34 64.81 51.24 42.40 32.45 26.51 19.90 | -0.930712 -2.792180 6.137246 | 256:9:1K,CLEAN=0,TRIG_HI=1
20240609 21:23:24  18.344 | 68.15 56.44 41.98 35.48 28.32 22.13 15.72 | -1.088451 -2.893228 5.932243 | 256:9:1K,CLEAN=1,TRIG_HI=0
20240609 21:24:57  18.428 | 83.73 70.20 52.13 36.00 29.57 30.59 23.02 | 2.516970 -4.394790 6.227774 | 256:9:1K,CLEAN=1,TRIG_HI=1
20240609 21:25:50  18.203 | 53.84 41.79 30.36 24.44 20.37 14.05 10.37 | -0.754496 -3.499383 5.547479 | 512:9:512,CLEAN=0,TRIG_HI=0
20240609 21:26:43  18.268 | 58.71 49.06 37.11 29.00 23.18 17.89 14.39 | -0.078638 -3.416607 5.729509 | 512:9:512,CLEAN=0,TRIG_HI=1
20240609 21:27:35  18.300 | 62.23 50.69 38.98 32.23 24.91 18.97 13.30 | -1.603914 -2.831562 5.800768 | 512:9:512,CLEAN=1,TRIG_HI=0
20240609 21:28:28  18.396 | 75.16 61.52 47.44 40.26 31.71 25.49 18.33 | -1.010855 -2.793712 6.072825 | 512:9:512,CLEAN=1,TRIG_HI=1
20240609 21:29:19  18.236 | 58.35 49.42 39.90 28.89 23.35 17.54 13.18 | -1.268431 -3.120685 5.613492 | 1K:10:256,CLEAN=0,TRIG_HI=0
20240609 21:30:10  18.331 | 71.98 60.45 49.34 35.40 30.11 23.11 18.47 | -0.367849 -3.196202 5.904032 | 1K:10:256,CLEAN=0,TRIG_HI=1
20240609 21:31:01  18.351 | 72.01 60.14 49.64 38.51 31.00 24.69 18.87 | -0.942828 -2.841939 5.920103 | 1K:10:256,CLEAN=1,TRIG_HI=0
20240609 21:31:53  18.471 | 88.58 72.58 59.64 50.13 42.38 31.44 25.93 | -0.801696 -2.606396 6.213423 | 1K:10:256,CLEAN=1,TRIG_HI=1
20240609 21:32:47  18.183 | 54.49 42.91 35.90 25.14 20.09 15.41 11.26 | -0.934250 -3.406464 5.461037 | 1K:5:512,CLEAN=0,TRIG_HI=0
20240609 21:33:42  18.240 | 58.37 50.73 39.58 30.68 22.52 18.03 14.41 | -0.684195 -3.237174 5.622023 | 1K:5:512,CLEAN=0,TRIG_HI=1
20240609 21:34:36  18.331 | 74.44 60.99 47.00 35.73 30.04 24.45 18.23 | 0.004836 -3.349225 5.913961 | 1K:5:512,CLEAN=1,TRIG_HI=0
20240609 21:35:31  18.360 | 71.79 57.76 52.61 41.70 31.05 23.96 19.23 | -1.660614 -2.530414 5.932575 | 1K:5:512,CLEAN=1,TRIG_HI=1
20240609 21:37:11  18.231 | 57.58 50.59 38.79 28.37 23.15 17.46 13.27 | -1.010814 -3.214548 5.602787 | 256:10:1K,CLEAN=0,TRIG_HI=0
20240609 21:38:55  18.305 | 71.11 58.55 44.58 31.62 29.74 23.03 17.93 | 0.634690 -3.561076 5.833902 | 256:10:1K,CLEAN=0,TRIG_HI=1
20240609 21:40:35  18.320 | 69.98 54.62 44.67 37.67 29.19 22.58 17.45 | -0.852078 -2.924743 5.830811 | 256:10:1K,CLEAN=1,TRIG_HI=0
20240609 21:42:19  18.471 | 85.33 73.38 59.57 47.72 41.49 31.46 26.12 | -0.607899 -2.638785 6.185390 | 256:10:1K,CLEAN=1,TRIG_HI=1
20240609 21:43:13  18.089 | 42.71 36.74 27.91 19.30 14.21 11.04  7.67 | -1.431105 -3.651942 5.144635 | 512:10:512,CLEAN=0,TRIG_HI=0
20240609 21:44:08  18.123 | 47.27 38.84 31.58 20.99 16.55 13.16  9.73 | -0.513391 -3.680728 5.266726 | 512:10:512,CLEAN=0,TRIG_HI=1
20240609 21:45:03  18.201 | 55.16 45.52 37.55 26.33 20.56 15.89 11.26 | -1.495121 -3.234773 5.516427 | 512:10:512,CLEAN=1,TRIG_HI=0
20240609 21:45:58  18.232 | 65.13 52.21 40.50 28.26 22.44 19.73 15.10 | 1.120306 -4.028342 5.680098 | 512:10:512,CLEAN=1,TRIG_HI=1
20240609 21:47:36  18.163 | 53.78 41.83 35.69 23.38 18.50 14.49 10.62 | -0.597174 -3.692523 5.426414 | 512:5:1K,CLEAN=0,TRIG_HI=0
20240609 21:49:17  18.228 | 56.33 50.01 38.96 29.01 22.46 16.75 13.54 | -1.045054 -3.183725 5.587262 | 512:5:1K,CLEAN=0,TRIG_HI=1
20240609 21:50:55  18.293 | 68.82 56.52 45.09 32.99 26.60 22.19 16.39 | -0.192771 -3.373459 5.811417 | 512:5:1K,CLEAN=1,TRIG_HI=0
20240609 21:52:36  18.339 | 69.57 59.63 52.80 37.93 28.78 23.18 18.17 | -1.395631 -2.786928 5.910709 | 512:5:1K,CLEAN=1,TRIG_HI=1
20240609 21:53:44  18.198 | 57.48 48.10 37.06 30.43 23.66 17.48 12.28 | -2.051982 -2.973365 5.477886 | 1K:11:256,CLEAN=0,TRIG_HI=0
20240609 21:54:53  18.336 | 77.17 64.18 48.97 42.41 33.42 26.42 19.59 | -1.006578 -2.893335 5.892025 | 1K:11:256,CLEAN=0,TRIG_HI=1
20240609 21:56:01  18.270 | 63.87 57.53 42.96 35.19 28.09 22.56 16.29 | -1.361600 -2.839503 5.673737 | 1K:11:256,CLEAN=1,TRIG_HI=0
20240609 21:57:11  18.429 | 84.32 74.13 60.23 51.76 42.45 31.94 25.49 | -1.650673 -2.344410 6.118175 | 1K:11:256,CLEAN=1,TRIG_HI=1
20240609 21:59:05  18.189 | 57.40 45.99 37.51 28.53 22.67 18.68 12.05 | -1.620735 -3.058174 5.443360 | 256:11:1K,CLEAN=0,TRIG_HI=0
20240609 22:01:02  18.330 | 74.94 63.41 45.59 41.71 32.69 26.74 19.54 | -0.684400 -2.910078 5.843528 | 256:11:1K,CLEAN=0,TRIG_HI=1
20240609 22:02:57  18.255 | 64.67 54.20 42.53 34.16 28.50 20.46 15.09 | -1.730808 -2.879683 5.654767 | 256:11:1K,CLEAN=1,TRIG_HI=0
20240609 22:04:54  18.430 | 84.62 74.47 60.67 50.85 44.00 30.84 25.92 | -1.577986 -2.374362 6.121441 | 256:11:1K,CLEAN=1,TRIG_HI=1
20240609 22:05:55  18.067 | 41.56 35.42 28.22 21.80 15.03 12.07  7.72 | -2.791763 -3.101087 5.029393 | 512:11:512,CLEAN=0,TRIG_HI=0
20240609 22:06:58  18.137 | 52.57 40.62 31.92 26.81 19.08 17.14 11.01 | -1.003857 -3.234118 5.269272 | 512:11:512,CLEAN=0,TRIG_HI=1
20240609 22:07:58  18.174 | 54.60 43.13 35.02 28.78 22.12 16.65 11.20 | -2.259947 -2.909145 5.382244 | 512:11:512,CLEAN=1,TRIG_HI=0
20240609 22:09:01  18.280 | 67.38 58.00 40.42 38.52 27.84 24.23 17.20 | -0.698078 -2.968394 5.693067 | 512:11:512,CLEAN=1,TRIG_HI=1
20240609 22:10:07  18.205 | 61.99 55.24 43.26 32.84 26.71 18.49 14.27 | -2.057652 -3.101952 5.528453 | 1K:12:256,CLEAN=0,TRIG_HI=0
20240609 22:11:19  18.303 | 78.26 63.95 56.01 42.64 33.46 25.53 19.62 | -1.606755 -2.924694 5.842807 | 1K:12:256,CLEAN=0,TRIG_HI=1
20240609 22:12:25  18.243 | 68.86 54.25 46.07 39.98 28.91 20.79 15.54 | -2.505804 -2.866605 5.652536 | 1K:12:256,CLEAN=1,TRIG_HI=0
20240609 22:13:37  18.302 | 77.96 66.87 56.03 40.47 34.31 24.18 20.63 | -0.982985 -3.096347 5.831642 | 1K:12:256,CLEAN=1,TRIG_HI=1
20240609 22:14:41  18.208 | 62.00 56.32 45.23 32.11 25.22 20.36 15.28 | -1.249433 -3.183691 5.523430 | 1K:6:512,CLEAN=0,TRIG_HI=0
20240609 22:15:47  18.253 | 69.38 56.42 47.66 34.33 29.69 24.54 17.74 | -0.571007 -3.058975 5.618879 | 1K:6:512,CLEAN=0,TRIG_HI=1
20240609 22:16:51  18.264 | 70.54 59.31 49.15 39.41 30.71 22.61 17.26 | -1.941601 -2.898061 5.709385 | 1K:6:512,CLEAN=1,TRIG_HI=0
20240609 22:17:57  18.292 | 71.55 61.49 54.44 44.13 31.58 23.53 19.00 | -2.441799 -2.673453 5.796960 | 1K:6:512,CLEAN=1,TRIG_HI=1
20240609 22:19:51  18.294 | 79.90 66.15 51.88 41.60 32.74 25.56 19.37 | -0.864274 -3.178853 5.817219 | 1K:3:1K,CLEAN=0,TRIG_HI=0
20240609 22:21:45  18.300 | 77.32 65.06 52.53 42.63 33.66 25.62 19.20 | -1.594023 -2.921263 5.826878 | 1K:3:1K,CLEAN=0,TRIG_HI=1
20240609 22:23:40  18.303 | 78.73 68.36 54.81 39.20 34.22 24.53 21.36 | -0.254320 -3.247999 5.814869 | 1K:3:1K,CLEAN=1,TRIG_HI=0
20240609 22:25:35  18.327 | 83.96 70.24 54.98 42.61 35.88 26.03 22.75 | 0.007157 -3.263197 5.873526 | 1K:3:1K,CLEAN=1,TRIG_HI=1
20240609 22:27:37  18.198 | 61.65 54.30 41.55 32.43 25.30 19.62 14.24 | -1.549357 -3.159540 5.491916 | 256:12:1K,CLEAN=0,TRIG_HI=0
20240609 22:29:42  18.299 | 76.11 62.67 52.69 41.95 33.40 25.56 19.30 | -1.552366 -2.868892 5.802976 | 256:12:1K,CLEAN=0,TRIG_HI=1
20240609 22:31:44  18.223 | 65.50 52.12 42.31 35.25 29.54 19.91 15.30 | -1.874315 -2.928297 5.554650 | 256:12:1K,CLEAN=1,TRIG_HI=0
20240609 22:33:48  18.326 | 82.41 69.26 54.75 40.69 35.20 25.24 23.87 | 0.697458 -3.367686 5.830192 | 256:12:1K,CLEAN=1,TRIG_HI=1
20240609 22:34:48  18.093 | 51.39 43.85 34.63 24.02 17.98 14.90 10.26 | -1.164978 -3.631478 5.156657 | 512:12:512,CLEAN=0,TRIG_HI=0
20240609 22:35:57  18.172 | 56.63 50.96 43.11 29.37 22.57 18.06 13.93 | -1.387679 -3.203078 5.399664 | 512:12:512,CLEAN=0,TRIG_HI=1
20240609 22:36:56  18.192 | 61.34 52.26 41.87 32.17 25.14 18.62 13.77 | -1.831599 -3.150562 5.478958 | 512:12:512,CLEAN=1,TRIG_HI=0
20240609 22:38:05  18.288 | 77.22 59.91 51.36 40.54 32.63 25.33 18.70 | -1.213650 -2.991937 5.767905 | 512:12:512,CLEAN=1,TRIG_HI=1
20240609 22:40:00  18.202 | 62.39 54.64 44.57 32.16 24.60 20.15 14.65 | -1.365456 -3.212426 5.510295 | 512:6:1K,CLEAN=0,TRIG_HI=0
20240609 22:41:54  18.251 | 70.81 59.22 46.74 36.54 28.87 23.72 17.30 | -0.792457 -3.159280 5.650010 | 512:6:1K,CLEAN=0,TRIG_HI=1
20240609 22:43:50  18.259 | 69.38 54.09 47.04 37.74 30.50 23.35 17.46 | -1.428405 -2.843600 5.639851 | 512:6:1K,CLEAN=1,TRIG_HI=0
20240609 22:45:45  18.289 | 70.39 57.33 52.64 42.89 31.06 24.18 19.06 | -2.102009 -2.624189 5.743163 | 512:6:1K,CLEAN=1,TRIG_HI=1
20240609 22:47:28  18.289 | 75.43 63.85 53.02 40.58 34.05 24.47 18.14 | -2.064259 -2.872755 5.811556 | 4K:3:256,CLEAN=0,TRIG_HI=0
20240609 22:49:11  18.292 | 76.27 63.60 52.63 40.47 34.29 24.98 18.32 | -1.862479 -2.895219 5.810111 | 4K:3:256,CLEAN=0,TRIG_HI=1
20240609 22:50:54  18.304 | 75.30 69.52 54.71 39.42 34.04 23.64 22.00 | -0.383479 -3.156335 5.802722 | 4K:3:256,CLEAN=1,TRIG_HI=0
20240609 22:52:38  18.338 | 77.95 70.50 57.32 42.61 37.05 25.57 23.82 | -0.615905 -2.939632 5.872918 | 4K:3:256,CLEAN=1,TRIG_HI=1
20240609 22:53:51  18.166 | 60.16 47.63 43.35 34.68 23.73 19.58 12.52 | -3.214802 -3.009638 5.396691 | 1K:13:256,CLEAN=0,TRIG_HI=0
20240609 22:55:22  18.254 | 70.29 60.00 54.00 40.82 30.77 25.51 17.75 | -2.468265 -2.804492 5.677416 | 1K:13:256,CLEAN=0,TRIG_HI=1
20240609 22:56:35  18.257 | 70.65 58.29 54.97 40.50 31.83 24.93 18.39 | -2.333209 -2.770822 5.673908 | 1K:13:256,CLEAN=1,TRIG_HI=0
20240609 22:58:06  18.362 | 94.25 75.46 69.70 54.71 39.60 32.51 25.86 | -1.346932 -2.888462 6.029909 | 1K:13:256,CLEAN=1,TRIG_HI=1
20240609 23:00:14  18.164 | 58.00 46.80 44.29 33.01 23.84 19.38 12.88 | -3.076318 -2.938099 5.370360 | 256:13:1K,CLEAN=0,TRIG_HI=0
20240609 23:02:48  18.245 | 73.63 57.94 56.77 39.82 28.95 25.17 17.90 | -1.773639 -3.037861 5.659858 | 256:13:1K,CLEAN=0,TRIG_HI=1
20240609 23:04:56  18.255 | 71.95 59.25 51.30 42.06 31.55 25.41 18.01 | -2.215318 -2.820411 5.671490 | 256:13:1K,CLEAN=1,TRIG_HI=0
20240609 23:07:30  18.379 | 89.99 74.76 66.70 53.76 43.97 34.47 26.31 | -1.788226 -2.556019 6.031726 | 256:13:1K,CLEAN=1,TRIG_HI=1
20240609 23:08:33  18.034 | 40.36 38.45 32.57 23.23 15.14 12.02  7.39 | -4.631383 -3.292458 4.925765 | 512:13:512,CLEAN=0,TRIG_HI=0
20240609 23:10:07  18.083 | 48.32 38.13 41.20 25.56 17.75 14.65  9.33 | -3.765536 -3.208230 5.099497 | 512:13:512,CLEAN=0,TRIG_HI=1
20240609 23:11:10  18.123 | 52.02 44.08 39.70 29.37 21.26 17.10 11.03 | -3.393066 -3.016914 5.231261 | 512:13:512,CLEAN=1,TRIG_HI=0
20240609 23:12:44  18.206 | 56.26 51.82 47.38 34.18 26.90 22.76 15.29 | -3.077573 -2.537826 5.459495 | 512:13:512,CLEAN=1,TRIG_HI=1
20240609 23:14:15  18.105 | 55.82 47.54 38.84 31.48 22.47 17.38 11.91 | -2.776167 -3.318561 5.187508 | 1K:14:256,CLEAN=0,TRIG_HI=0
20240609 23:16:06  18.243 | 75.65 65.23 55.98 42.13 34.10 26.78 18.73 | -2.309279 -3.007284 5.676371 | 1K:14:256,CLEAN=0,TRIG_HI=1
20240609 23:17:38  18.123 | 57.46 50.00 41.95 31.15 25.03 17.63 13.56 | -2.291481 -3.251331 5.243139 | 1K:14:256,CLEAN=1,TRIG_HI=0
20240609 23:19:29  18.235 | 78.93 67.61 53.99 36.68 39.72 25.67 17.64 | -2.107983 -3.176427 5.669840 | 1K:14:256,CLEAN=1,TRIG_HI=1
20240609 23:20:43  18.140 | 62.88 53.70 43.78 35.20 24.01 19.04 15.13 | -1.419856 -3.381000 5.310162 | 1K:7:512,CLEAN=0,TRIG_HI=0
20240609 23:21:59  18.196 | 70.42 56.35 47.09 39.37 29.09 23.43 17.46 | -1.349226 -3.118475 5.471915 | 1K:7:512,CLEAN=0,TRIG_HI=1
20240609 23:23:12  18.169 | 69.26 54.22 43.70 36.88 29.56 20.78 14.81 | -2.157810 -3.271767 5.423312 | 1K:7:512,CLEAN=1,TRIG_HI=0
20240609 23:24:29  18.226 | 70.86 60.87 54.88 41.86 33.35 23.73 17.54 | -3.172096 -2.940614 5.634391 | 1K:7:512,CLEAN=1,TRIG_HI=1
20240609 23:27:11  18.123 | 60.30 48.13 43.23 31.61 24.54 17.75 12.23 | -2.914998 -3.377386 5.267298 | 256:14:1K,CLEAN=0,TRIG_HI=0
20240609 23:30:11  18.243 | 77.54 63.50 55.91 40.70 34.59 27.31 18.62 | -1.978255 -3.044615 5.662227 | 256:14:1K,CLEAN=0,TRIG_HI=1
20240609 23:32:51  18.120 | 58.51 49.82 41.24 29.25 26.90 17.56 14.26 | -1.556813 -3.259052 5.221513 | 256:14:1K,CLEAN=1,TRIG_HI=0
20240609 23:35:52  18.239 | 78.19 69.43 52.69 35.47 42.61 25.36 18.02 | -2.014122 -3.133939 5.670506 | 256:14:1K,CLEAN=1,TRIG_HI=1
20240609 23:37:26  18.007 | 46.06 39.43 32.84 24.53 16.13 13.70 10.18 | -1.487658 -3.581405 4.834120 | 512:14:512,CLEAN=0,TRIG_HI=0
20240609 23:39:20  18.117 | 54.98 50.74 41.58 31.73 22.86 17.78 14.53 | -1.689881 -3.208662 5.206426 | 512:14:512,CLEAN=0,TRIG_HI=1
20240609 23:40:55  18.117 | 57.28 47.93 39.15 32.30 23.92 17.86 11.94 | -3.071134 -3.264660 5.230011 | 512:14:512,CLEAN=1,TRIG_HI=0
20240609 23:42:48  18.229 | 77.40 62.40 52.84 41.86 31.92 26.26 18.17 | -1.691591 -3.154689 5.617532 | 512:14:512,CLEAN=1,TRIG_HI=1
20240609 23:45:01  18.134 | 61.73 51.54 43.81 33.21 23.76 19.53 15.11 | -1.139190 -3.330969 5.272794 | 512:7:1K,CLEAN=0,TRIG_HI=0
20240609 23:47:14  18.183 | 67.54 57.09 47.28 38.77 25.92 22.89 17.37 | -1.076880 -3.199984 5.427408 | 512:7:1K,CLEAN=0,TRIG_HI=1
20240609 23:49:26  18.182 | 68.50 54.17 45.58 37.35 30.87 21.84 14.67 | -2.861909 -3.117517 5.470270 | 512:7:1K,CLEAN=1,TRIG_HI=0
20240609 23:51:40  18.227 | 68.93 59.15 55.32 43.11 32.96 23.16 17.62 | -3.554062 -2.843313 5.634324 | 512:7:1K,CLEAN=1,TRIG_HI=1
20240609 23:53:14  18.092 | 57.67 47.84 41.24 31.82 24.05 17.65 11.13 | -3.808863 -3.526692 5.164149 | 1K:15:256,CLEAN=0,TRIG_HI=0
20240609 23:54:35  18.212 | 78.56 64.19 53.03 42.96 33.75 26.48 18.82 | -1.747929 -3.206921 5.564253 | 1K:15:256,CLEAN=0,TRIG_HI=1
20240609 23:56:09  18.128 | 62.79 55.64 44.69 34.63 26.14 20.14 15.32 | -1.756682 -3.355597 5.264112 | 1K:15:256,CLEAN=1,TRIG_HI=0
20240609 23:57:30  18.320 | 92.15 79.45 59.45 48.64 41.24 34.19 26.11 | -0.038750 -3.003371 5.771657 | 1K:15:256,CLEAN=1,TRIG_HI=1
20240610 00:00:13  18.097 | 57.43 48.69 40.05 32.34 24.87 18.34 12.36 | -3.073886 -3.366063 5.163298 | 256:15:1K,CLEAN=0,TRIG_HI=0
20240610 00:02:50  18.209 | 79.05 64.22 52.69 43.53 33.65 26.44 18.28 | -1.986596 -3.241343 5.571610 | 256:15:1K,CLEAN=0,TRIG_HI=1
20240610 00:05:35  18.135 | 62.99 52.83 44.31 37.27 26.23 20.32 15.81 | -1.941380 -3.227887 5.278799 | 256:15:1K,CLEAN=1,TRIG_HI=0
20240610 00:08:13  18.323 | 89.66 72.20 61.69 49.28 41.74 33.67 26.58 | -0.462556 -2.827638 5.770030 | 256:15:1K,CLEAN=1,TRIG_HI=1
20240610 00:09:43  17.981 | 41.35 36.53 30.95 23.99 17.42 11.09  7.41 | -5.076747 -3.753328 4.739139 | 512:15:512,CLEAN=0,TRIG_HI=0
20240610 00:11:06  18.070 | 54.17 40.60 38.06 31.14 23.12 16.00 10.03 | -4.477655 -3.446434 5.071039 | 512:15:512,CLEAN=0,TRIG_HI=1
20240610 00:12:36  18.064 | 54.61 44.44 38.49 29.83 21.77 16.77 11.14 | -2.958688 -3.505894 5.042851 | 512:15:512,CLEAN=1,TRIG_HI=0
20240610 00:14:00  18.182 | 71.78 58.52 45.91 40.36 33.04 24.44 16.34 | -2.456323 -3.150033 5.461114 | 512:15:512,CLEAN=1,TRIG_HI=1
20240610 00:15:06  18.024 | 50.77 40.06 35.08 30.34 21.37 15.55 10.14 | -3.932892 -3.593714 4.896798 | 1K:8:512,CLEAN=0,TRIG_HI=0
20240610 00:16:14  18.064 | 54.33 48.94 40.62 32.37 23.53 17.16 14.02 | -2.265511 -3.382275 5.032041 | 1K:8:512,CLEAN=0,TRIG_HI=1
20240610 00:17:22  18.140 | 70.74 51.22 43.18 40.67 31.08 23.38 16.07 | -2.144546 -3.199854 5.296769 | 1K:8:512,CLEAN=1,TRIG_HI=0
20240610 00:18:30  18.198 | 72.41 60.20 52.94 45.17 33.76 26.79 19.80 | -2.347356 -2.994915 5.491569 | 1K:8:512,CLEAN=1,TRIG_HI=1
20240610 00:20:54  18.152 | 68.14 54.94 44.61 41.07 30.78 24.09 17.32 | -2.004647 -3.093270 5.324628 | 1K:4:1K,CLEAN=0,TRIG_HI=0
20240610 00:23:18  18.175 | 75.43 61.51 47.38 43.40 33.11 26.11 17.98 | -1.876072 -3.223471 5.428921 | 1K:4:1K,CLEAN=0,TRIG_HI=1
20240610 00:25:43  18.301 | 91.65 79.29 61.30 53.89 41.82 33.35 27.33 | -0.627572 -2.939481 5.749100 | 1K:4:1K,CLEAN=1,TRIG_HI=0
20240610 00:28:08  18.282 | 88.45 75.06 63.34 61.00 44.49 32.86 25.40 | -2.901394 -2.868647 5.847762 | 1K:4:1K,CLEAN=1,TRIG_HI=1
20240610 00:30:37  18.034 | 51.49 38.86 35.85 31.43 22.96 14.81 10.12 | -4.550169 -3.591391 4.934342 | 512:8:1K,CLEAN=0,TRIG_HI=0
20240610 00:33:05  18.056 | 54.64 45.15 40.61 31.45 22.93 17.78 13.45 | -2.242500 -3.349370 5.002646 | 512:8:1K,CLEAN=0,TRIG_HI=1
20240610 00:35:33  18.134 | 67.44 51.22 42.58 40.01 30.22 22.68 15.90 | -2.316000 -3.174890 5.273057 | 512:8:1K,CLEAN=1,TRIG_HI=0
20240610 00:38:02  18.188 | 72.35 55.27 54.67 45.34 32.33 26.55 18.67 | -2.826863 -3.028670 5.478199 | 512:8:1K,CLEAN=1,TRIG_HI=1
20240610 00:40:15  18.154 | 72.16 56.12 46.49 42.02 31.16 23.98 16.93 | -2.141669 -3.254245 5.359041 | 4K:4:256,CLEAN=0,TRIG_HI=0
20240610 00:42:28  18.174 | 77.82 59.42 48.59 44.26 32.58 25.78 18.07 | -1.749047 -3.266765 5.428135 | 4K:4:256,CLEAN=0,TRIG_HI=1
20240610 00:44:40  18.287 | 92.64 78.98 61.00 56.21 40.67 33.39 26.10 | -1.049845 -3.020272 5.761520 | 4K:4:256,CLEAN=1,TRIG_HI=0
20240610 00:46:55  18.286 | 91.33 73.97 59.63 57.48 42.79 33.84 25.41 | -1.700566 -2.899365 5.777004 | 4K:4:256,CLEAN=1,TRIG_HI=1
20240610 00:49:15  18.075 | 57.28 50.62 40.79 32.62 24.87 18.43 14.29 | -2.004554 -3.377619 5.071813 | 4K:2:512,CLEAN=0,TRIG_HI=0
20240610 00:51:34  18.075 | 57.28 50.62 40.79 32.62 24.87 18.43 14.29 | -2.004554 -3.377619 5.071813 | 4K:2:512,CLEAN=0,TRIG_HI=1
20240610 00:53:54  18.232 | 77.82 66.73 54.65 46.06 36.69 28.84 22.84 | -1.228653 -2.925190 5.553878 | 4K:2:512,CLEAN=1,TRIG_HI=0
20240610 00:56:15  18.232 | 77.82 66.73 54.65 46.06 36.69 28.84 22.84 | -1.228653 -2.925190 5.553878 | 4K:2:512,CLEAN=1,TRIG_HI=1
20240610 00:57:35  18.021 | 59.66 47.68 39.60 32.87 24.73 18.57 12.98 | -2.351496 -3.719712 4.888166 | 1K:9:512,CLEAN=0,TRIG_HI=0
20240610 00:59:03  18.101 | 69.82 55.79 46.13 39.65 30.82 23.50 17.46 | -1.666545 -3.346366 5.161691 | 1K:9:512,CLEAN=0,TRIG_HI=1
20240610 01:00:23  18.053 | 63.77 53.17 41.82 34.45 28.26 20.08 14.66 | -2.028135 -3.605703 5.004241 | 1K:9:512,CLEAN=1,TRIG_HI=0
20240610 01:01:51  18.142 | 71.44 60.86 56.29 44.94 33.34 25.28 18.89 | -3.082910 -3.425274 5.354287 | 1K:9:512,CLEAN=1,TRIG_HI=1
20240610 01:04:33  18.022 | 58.32 46.49 40.03 33.69 24.95 17.50 13.36 | -2.571268 -3.690069 4.891138 | 512:9:1K,CLEAN=0,TRIG_HI=0
20240610 01:07:17  18.102 | 68.82 54.99 46.02 40.11 30.68 23.22 17.96 | -1.592961 -3.274200 5.159387 | 512:9:1K,CLEAN=0,TRIG_HI=1
20240610 01:10:00  18.069 | 62.61 53.32 43.90 36.46 28.44 21.12 14.51 | -2.947524 -3.623621 5.069428 | 512:9:1K,CLEAN=1,TRIG_HI=0
20240610 01:12:47  18.137 | 73.57 61.22 54.30 45.89 32.97 25.28 18.35 | -2.982166 -3.502785 5.343514 | 512:9:1K,CLEAN=1,TRIG_HI=1
20240610 01:14:08  17.910 | 49.89 39.66 31.05 26.31 22.29 15.08  8.94 | -3.773642 -4.383904 4.443794 | 1K:10:512,CLEAN=0,TRIG_HI=0
20240610 01:15:40  17.979 | 56.08 45.43 40.39 32.14 24.87 18.03 11.33 | -4.032051 -4.271254 4.719805 | 1K:10:512,CLEAN=0,TRIG_HI=1
20240610 01:17:01  18.009 | 57.93 48.44 41.63 33.22 28.62 20.11 13.95 | -3.069461 -3.753887 4.841613 | 1K:10:512,CLEAN=1,TRIG_HI=0
20240610 01:18:34  18.101 | 70.11 56.58 54.35 43.73 36.87 26.44 17.49 | -4.056332 -3.730300 5.226418 | 1K:10:512,CLEAN=1,TRIG_HI=1
20240610 01:21:34  18.010 | 61.22 50.76 41.02 35.34 27.87 20.39 12.70 | -3.611300 -4.104400 4.849095 | 1K:5:1K,CLEAN=0,TRIG_HI=0
20240610 01:24:39  18.053 | 67.96 53.36 42.29 38.02 33.16 25.09 14.86 | -2.926260 -3.686338 5.012825 | 1K:5:1K,CLEAN=0,TRIG_HI=1
20240610 01:27:39  18.112 | 79.14 60.60 53.81 42.87 36.56 29.42 18.77 | -2.179864 -3.490883 5.226569 | 1K:5:1K,CLEAN=1,TRIG_HI=0
20240610 01:30:44  18.214 | 90.78 75.31 62.09 55.73 44.95 35.56 26.56 | -1.624050 -3.080195 5.541445 | 1K:5:1K,CLEAN=1,TRIG_HI=1
20240610 01:33:39  17.898 | 49.51 38.26 30.74 24.95 21.70 14.88  8.56 | -3.652369 -4.405690 4.397563 | 512:10:1K,CLEAN=0,TRIG_HI=0
20240610 01:36:40  17.957 | 55.60 38.34 38.09 29.96 24.26 17.80 10.22 | -4.079570 -4.245126 4.631581 | 512:10:1K,CLEAN=0,TRIG_HI=1
20240610 01:39:35  17.999 | 58.47 49.34 41.71 31.36 27.93 19.94 13.24 | -2.924340 -3.868527 4.803162 | 512:10:1K,CLEAN=1,TRIG_HI=0
20240610 01:42:35  18.093 | 67.62 55.96 54.28 42.71 34.28 26.19 17.29 | -3.923284 -3.708055 5.187733 | 512:10:1K,CLEAN=1,TRIG_HI=1
20240610 01:45:15  18.002 | 60.10 51.64 42.11 33.01 27.41 19.49 13.27 | -2.977317 -4.000924 4.815282 | 4K:5:256,CLEAN=0,TRIG_HI=0
20240610 01:47:56  18.053 | 69.75 52.58 43.83 38.60 33.21 24.31 14.82 | -3.022616 -3.780063 5.016419 | 4K:5:256,CLEAN=0,TRIG_HI=1
20240610 01:50:37  18.114 | 78.54 61.35 55.10 42.01 38.48 28.74 18.74 | -2.504731 -3.552374 5.243837 | 4K:5:256,CLEAN=1,TRIG_HI=0
20240610 01:53:19  18.191 | 91.18 77.02 63.11 56.42 44.04 33.59 24.95 | -2.184614 -3.367143 5.528323 | 4K:5:256,CLEAN=1,TRIG_HI=1
20240610 01:54:56  17.869 | 51.54 41.83 31.73 26.84 21.68 14.80 10.26 | -2.416842 -4.305411 4.284711 | 1K:11:512,CLEAN=0,TRIG_HI=0
20240610 01:56:35  17.973 | 59.93 52.01 42.47 33.06 27.96 20.73 15.06 | -2.070238 -3.763592 4.707432 | 1K:11:512,CLEAN=0,TRIG_HI=1
20240610 01:58:13  17.962 | 60.50 53.11 40.74 34.06 26.60 19.65 14.03 | -2.331104 -4.027585 4.659408 | 1K:11:512,CLEAN=1,TRIG_HI=0
20240610 01:59:53  18.104 | 82.79 69.55 58.72 45.63 38.41 30.61 21.48 | -1.765845 -3.547329 5.194314 | 1K:11:512,CLEAN=1,TRIG_HI=1
20240610 02:03:17  17.873 | 50.25 41.85 31.35 27.67 21.76 14.88 10.35 | -2.727252 -4.310504 4.302646 | 512:11:1K,CLEAN=0,TRIG_HI=0
20240610 02:06:47  17.960 | 60.70 52.94 41.68 32.10 27.40 19.44 14.89 | -1.653381 -3.792119 4.658882 | 512:11:1K,CLEAN=0,TRIG_HI=1
20240610 02:10:12  17.960 | 61.92 50.15 42.20 32.56 27.19 19.68 14.45 | -1.867542 -3.860466 4.655642 | 512:11:1K,CLEAN=1,TRIG_HI=0
20240610 02:13:42  18.093 | 78.36 65.56 55.17 47.04 37.00 28.45 21.30 | -2.004857 -3.531023 5.154140 | 512:11:1K,CLEAN=1,TRIG_HI=1
20240610 02:15:23  17.918 | 62.84 51.91 39.54 34.33 25.95 19.19 12.61 | -2.696746 -4.521506 4.455444 | 1K:12:512,CLEAN=0,TRIG_HI=0
20240610 02:17:08  17.997 | 80.00 60.03 46.80 39.66 32.92 25.44 18.02 | -0.643374 -3.560486 4.795208 | 1K:12:512,CLEAN=0,TRIG_HI=1
20240610 02:18:50  17.947 | 66.97 53.22 42.74 33.51 29.14 22.67 15.21 | -1.372075 -3.773162 4.610204 | 1K:12:512,CLEAN=1,TRIG_HI=0
20240610 02:20:35  18.034 | 77.56 57.96 56.13 44.35 34.68 29.07 18.23 | -2.781327 -4.019007 4.947208 | 1K:12:512,CLEAN=1,TRIG_HI=1
20240610 02:24:07  17.973 | 72.74 57.65 46.86 37.17 30.22 24.05 15.75 | -1.733545 -4.003656 4.699256 | 1K:6:1K,CLEAN=0,TRIG_HI=0
20240610 02:27:41  18.032 | 79.13 64.40 48.67 46.15 35.13 26.77 19.59 | -1.594019 -3.701178 4.925956 | 1K:6:1K,CLEAN=0,TRIG_HI=1
20240610 02:31:15  17.998 | 70.43 53.57 47.76 42.37 30.85 25.53 17.06 | -2.431645 -3.898642 4.800074 | 1K:6:1K,CLEAN=1,TRIG_HI=0
20240610 02:34:50  18.052 | 89.18 57.85 51.53 39.13 39.29 33.09 19.47 | -0.358799 -3.173327 4.973355 | 1K:6:1K,CLEAN=1,TRIG_HI=1
20240610 02:38:26  17.924 | 63.60 50.31 42.09 34.44 26.46 19.15 13.88 | -2.213354 -4.241814 4.499648 | 512:12:1K,CLEAN=0,TRIG_HI=0
20240610 02:42:05  17.989 | 76.20 61.34 46.19 37.98 32.96 23.54 18.54 | -0.458676 -3.480946 4.768626 | 512:12:1K,CLEAN=0,TRIG_HI=1
20240610 02:45:41  17.951 | 65.92 52.90 43.80 34.20 28.52 23.19 14.85 | -1.865317 -3.925033 4.618414 | 512:12:1K,CLEAN=1,TRIG_HI=0
20240610 02:49:20  18.040 | 77.48 57.64 57.10 44.21 35.64 29.15 18.73 | -2.763521 -3.956084 4.968756 | 512:12:1K,CLEAN=1,TRIG_HI=1
20240610 02:52:26  17.976 | 67.47 58.32 47.50 37.56 30.52 23.32 15.54 | -2.687268 -4.235585 4.708596 | 4K:6:256,CLEAN=0,TRIG_HI=0
20240610 02:55:38  18.028 | 80.91 64.24 51.69 45.18 34.89 27.36 18.63 | -1.967646 -3.933630 4.919489 | 4K:6:256,CLEAN=0,TRIG_HI=1
20240610 02:58:46  17.999 | 67.78 54.22 45.25 41.14 32.27 25.23 17.40 | -2.338055 -3.754567 4.803829 | 4K:6:256,CLEAN=1,TRIG_HI=0
20240610 03:02:00  18.056 | 90.47 61.27 51.86 38.73 40.93 33.84 19.26 | -0.501682 -3.273065 4.992188 | 4K:6:256,CLEAN=1,TRIG_HI=1
20240610 03:05:12  17.967 | 69.59 56.61 45.57 36.29 30.58 22.45 16.13 | -1.665295 -3.910434 4.678364 | 4K:3:512,CLEAN=0,TRIG_HI=0
20240610 03:08:24  17.963 | 71.47 56.12 45.12 35.41 31.03 22.26 16.52 | -1.085281 -3.730467 4.671791 | 4K:3:512,CLEAN=0,TRIG_HI=1
20240610 03:11:37  18.038 | 80.64 60.47 57.67 44.12 35.78 28.45 18.86 | -2.420432 -3.984095 4.960260 | 4K:3:512,CLEAN=1,TRIG_HI=0
20240610 03:14:50  18.046 | 78.14 59.83 57.36 44.99 35.90 29.91 19.15 | -2.683262 -3.922101 4.994102 | 4K:3:512,CLEAN=1,TRIG_HI=1
20240610 03:16:37  17.791 | 53.59 43.29 30.49 25.05 20.56 16.73  9.93 | -1.409270 -4.295179 3.971090 | 1K:13:512,CLEAN=0,TRIG_HI=0
20240610 03:19:17  17.882 | 61.00 54.35 40.20 33.37 23.97 20.16 13.96 | -1.556783 -4.127679 4.341852 | 1K:13:512,CLEAN=0,TRIG_HI=1
20240610 03:21:05  17.907 | 67.95 56.79 44.05 32.66 27.11 22.65 15.63 | -0.619759 -3.692423 4.470615 | 1K:13:512,CLEAN=1,TRIG_HI=0
20240610 03:23:45  18.005 | 81.42 64.22 58.10 44.98 34.06 28.11 19.51 | -1.962526 -4.041502 4.827888 | 1K:13:512,CLEAN=1,TRIG_HI=1
20240610 03:27:42  17.800 | 52.16 44.09 31.34 25.27 20.88 16.58  9.56 | -2.254237 -4.651992 3.967066 | 512:13:1K,CLEAN=0,TRIG_HI=0
20240610 03:32:26  17.877 | 59.59 50.47 40.83 32.18 24.69 19.11 12.78 | -2.502794 -4.540569 4.288496 | 512:13:1K,CLEAN=0,TRIG_HI=1
20240610 03:36:22  17.895 | 63.88 58.35 41.40 32.15 26.44 21.05 15.01 | -0.939735 -3.858997 4.412022 | 512:13:1K,CLEAN=1,TRIG_HI=0
20240610 03:41:06  17.991 | 74.46 61.05 55.37 41.50 33.14 26.89 18.91 | -2.056700 -3.968353 4.771312 | 512:13:1K,CLEAN=1,TRIG_HI=1
20240610 03:43:47  17.819 | 57.01 45.73 37.16 28.27 23.85 19.19 10.91 | -2.686581 -4.807726 4.026711 | 1K:14:512,CLEAN=0,TRIG_HI=0
20240610 03:47:12  17.948 | 80.82 62.12 45.98 41.08 35.56 27.06 17.58 | -1.316636 -3.899705 4.609583 | 1K:14:512,CLEAN=0,TRIG_HI=1
20240610 03:49:55  17.875 | 63.82 54.16 43.76 33.67 26.83 21.05 15.25 | -1.492099 -4.065620 4.322192 | 1K:14:512,CLEAN=1,TRIG_HI=0
20240610 03:53:21  17.978 | 78.17 61.39 56.25 43.88 32.53 27.88 21.13 | -1.053945 -3.560304 4.730329 | 1K:14:512,CLEAN=1,TRIG_HI=1
20240610 03:57:31  17.898 | 70.93 58.44 47.22 36.20 27.16 23.51 16.35 | -0.936064 -3.884078 4.421440 | 1K:7:1K,CLEAN=0,TRIG_HI=0
20240610 04:01:42  17.970 | 84.73 66.63 51.54 42.60 34.26 27.58 20.57 | -0.203739 -3.392964 4.706230 | 1K:7:1K,CLEAN=0,TRIG_HI=1
20240610 04:05:52  17.948 | 72.87 61.64 48.32 40.39 33.92 25.06 18.79 | -1.527928 -3.846304 4.610511 | 1K:7:1K,CLEAN=1,TRIG_HI=0
20240610 04:10:04  18.028 | 83.44 70.83 52.26 38.54 32.23 32.54 25.32 | 2.375980 -1.896468 4.859417 | 1K:7:1K,CLEAN=1,TRIG_HI=1
20240610 04:15:01  17.835 | 61.84 47.41 39.89 30.35 24.64 19.26 11.55 | -2.517290 -4.827164 4.080983 | 512:14:1K,CLEAN=0,TRIG_HI=0
20240610 04:20:39  17.939 | 79.90 59.41 46.68 39.60 33.92 26.58 17.49 | -1.037192 -3.776536 4.581491 | 512:14:1K,CLEAN=0,TRIG_HI=1
20240610 04:25:37  17.863 | 63.44 53.55 42.36 33.30 25.35 20.86 15.01 | -1.140489 -3.942348 4.289255 | 512:14:1K,CLEAN=1,TRIG_HI=0
20240610 04:31:15  17.988 | 75.40 63.60 55.57 44.47 31.83 28.42 22.33 | -0.805628 -3.336393 4.767393 | 512:14:1K,CLEAN=1,TRIG_HI=1
20240610 04:35:02  17.906 | 67.17 55.03 45.56 35.92 29.26 23.66 16.76 | -1.338166 -3.805630 4.460851 | 4K:7:256,CLEAN=0,TRIG_HI=0
20240610 04:38:50  17.965 | 80.91 64.36 50.89 42.68 34.12 26.68 20.14 | -0.709342 -3.560886 4.682572 | 4K:7:256,CLEAN=0,TRIG_HI=1
20240610 04:42:39  17.945 | 74.70 62.36 45.89 43.66 31.10 25.32 19.27 | -0.922044 -3.611270 4.611225 | 4K:7:256,CLEAN=1,TRIG_HI=0
20240610 04:46:28  18.047 | 88.13 72.02 52.46 38.13 33.57 32.16 26.23 | 2.992291 -1.677797 4.880166 | 4K:7:256,CLEAN=1,TRIG_HI=1
20240610 04:49:13  17.753 | 53.36 46.31 33.85 27.18 20.75 16.33 11.53 | -1.307777 -4.315654 3.821361 | 1K:15:512,CLEAN=0,TRIG_HI=0
20240610 04:51:41  17.859 | 63.65 54.72 44.36 35.35 26.53 22.15 16.76 | -1.048979 -3.758554 4.299845 | 1K:15:512,CLEAN=0,TRIG_HI=1
20240610 04:54:26  17.850 | 63.52 55.07 42.99 34.59 27.27 20.69 15.73 | -1.443503 -4.087451 4.228224 | 1K:15:512,CLEAN=1,TRIG_HI=0
20240610 04:56:56  17.978 | 81.84 70.98 61.45 46.17 35.59 30.31 22.15 | -1.522734 -3.902418 4.721707 | 1K:15:512,CLEAN=1,TRIG_HI=1
20240610 05:02:00  17.764 | 54.64 44.89 34.60 28.04 21.45 17.09 11.31 | -1.773817 -4.520211 3.839061 | 512:15:1K,CLEAN=0,TRIG_HI=0
20240610 05:06:49  17.861 | 64.02 54.86 45.92 34.48 25.96 23.17 17.04 | -0.750603 -3.585140 4.324254 | 512:15:1K,CLEAN=0,TRIG_HI=1
20240610 05:11:53  17.837 | 67.17 54.77 41.92 32.96 26.48 21.13 15.43 | -0.514171 -3.736649 4.211397 | 512:15:1K,CLEAN=1,TRIG_HI=0
20240610 05:16:42  17.969 | 84.00 67.86 56.69 46.39 34.96 28.73 22.27 | -0.779533 -3.558043 4.698640 | 512:15:1K,CLEAN=1,TRIG_HI=1
20240610 05:21:17  17.825 | 63.49 57.46 44.37 34.89 26.65 20.20 15.71 | -1.565998 -4.325406 4.098156 | 1K:8:1K,CLEAN=0,TRIG_HI=0
20240610 05:25:57  17.884 | 72.89 64.08 48.56 37.73 31.08 25.39 19.67 | -0.238301 -3.334063 4.425055 | 1K:8:1K,CLEAN=0,TRIG_HI=1
20240610 05:30:32  17.922 | 73.32 65.62 56.34 41.68 34.68 26.61 20.73 | -1.755349 -4.059334 4.500255 | 1K:8:1K,CLEAN=1,TRIG_HI=0
20240610 05:33:49  18.035 | 93.97 83.56 62.75 57.96 45.37 34.92 28.10 | -1.217091 -3.574698 4.934405 | 1K:8:1K,CLEAN=1,TRIG_HI=1
20240610 05:35:51  17.820 | 64.65 56.33 43.78 33.51 25.94 21.61 15.96 | -0.787440 -3.835436 4.142209 | 4K:8:256,CLEAN=0,TRIG_HI=0
20240610 05:38:03  17.908 | 72.87 63.98 49.13 41.59 34.01 25.92 20.07 | -1.264100 -3.781149 4.468599 | 4K:8:256,CLEAN=0,TRIG_HI=1
20240610 05:42:13  17.918 | 75.68 64.49 56.35 42.39 33.30 26.46 20.85 | -1.338204 -3.888290 4.497765 | 4K:8:256,CLEAN=1,TRIG_HI=0
20240610 05:46:32  18.028 | 97.20 79.36 63.78 58.48 44.66 34.32 27.49 | -1.178105 -3.621564 4.907903 | 4K:8:256,CLEAN=1,TRIG_HI=1
20240610 05:50:38  17.795 | 61.73 55.67 41.77 31.54 24.92 19.00 15.55 | -0.541567 -3.791172 4.052622 | 4K:4:512,CLEAN=0,TRIG_HI=0
20240610 05:54:46  17.807 | 59.86 54.71 43.48 31.79 25.19 20.11 16.42 | -0.650862 -3.654939 4.125828 | 4K:4:512,CLEAN=0,TRIG_HI=1
20240610 05:58:53  17.935 | 73.27 67.60 57.41 44.35 34.68 26.95 22.01 | -1.767220 -3.998704 4.555238 | 4K:4:512,CLEAN=1,TRIG_HI=0
20240610 06:03:02  17.968 | 80.27 72.19 58.40 46.41 36.03 30.29 24.13 | -0.790515 -3.418937 4.697258 | 4K:4:512,CLEAN=1,TRIG_HI=1
20240610 06:09:58  17.905 | 71.98 64.08 50.27 40.30 32.96 26.42 20.01 | -1.132777 -3.706708 4.466806 | 4K:2:1K,CLEAN=0,TRIG_HI=0
20240610 06:16:53  17.905 | 71.98 64.08 50.27 40.30 32.96 26.42 20.01 | -1.132777 -3.706708 4.466806 | 4K:2:1K,CLEAN=0,TRIG_HI=1
20240610 06:23:50  18.033 | 99.26 78.22 59.81 60.61 44.25 36.19 26.99 | -1.020594 -3.501214 4.923130 | 4K:2:1K,CLEAN=1,TRIG_HI=0
20240610 06:30:47  18.033 | 99.26 78.22 59.81 60.61 44.25 36.19 26.99 | -1.020594 -3.501214 4.923130 | 4K:2:1K,CLEAN=1,TRIG_HI=1
20240610 06:35:58  17.776 | 68.85 57.33 44.11 34.75 26.20 21.94 15.65 | -0.749682 -4.014865 3.947123 | 1K:9:1K,CLEAN=0,TRIG_HI=0
20240610 06:41:10  17.883 | 82.41 69.26 52.37 44.01 34.78 27.97 21.65 | -0.388178 -3.453319 4.407830 | 1K:9:1K,CLEAN=0,TRIG_HI=1
20240610 06:46:21  17.836 | 74.41 61.84 45.02 39.46 32.13 25.82 18.74 | -0.567658 -3.559370 4.238715 | 1K:9:1K,CLEAN=1,TRIG_HI=0
20240610 06:51:34  17.995 | 93.59 78.71 56.67 38.48 38.89 32.48 27.66 | 2.746745 -1.279621 4.800817 | 1K:9:1K,CLEAN=1,TRIG_HI=1
20240610 06:56:15  17.768 | 72.41 57.23 42.51 34.44 26.40 21.44 16.06 | 0.114430 -3.514041 3.987368 | 4K:9:256,CLEAN=0,TRIG_HI=0
20240610 07:00:57  17.886 | 83.01 68.88 55.19 46.60 36.02 28.17 20.76 | -1.530888 -4.237339 4.343183 | 4K:9:256,CLEAN=0,TRIG_HI=1
20240610 07:05:40  17.788 | 68.86 56.65 42.48 33.24 29.42 22.73 18.26 | 0.474555 -2.886614 4.174336 | 4K:9:256,CLEAN=1,TRIG_HI=0
20240610 07:10:24  17.937 | 87.07 79.35 56.82 37.67 38.14 32.18 25.15 | 1.542609 -2.094463 4.669414 | 4K:9:256,CLEAN=1,TRIG_HI=1
20240610 07:16:06  17.706 | 61.62 50.91 40.26 32.14 25.68 19.65 13.64 | -1.770475 -4.796943 3.551829 | 1K:10:1K,CLEAN=0,TRIG_HI=0
20240610 07:22:01  17.776 | 73.41 61.67 46.51 38.28 30.72 23.56 17.87 | -0.820598 -3.969993 3.958993 | 1K:10:1K,CLEAN=0,TRIG_HI=1
20240610 07:27:44  17.793 | 74.68 60.98 46.23 40.33 32.58 24.58 18.69 | -0.918228 -3.907818 4.037947 | 1K:10:1K,CLEAN=1,TRIG_HI=0
20240610 07:33:40  17.955 | 96.97 84.11 66.21 57.28 46.49 35.49 28.86 | -1.037238 -3.679041 4.643600 | 1K:10:1K,CLEAN=1,TRIG_HI=1
20240610 07:38:48  17.698 | 61.58 51.67 39.47 32.66 24.50 18.53 13.83 | -1.429926 -4.623660 3.540144 | 4K:10:256,CLEAN=0,TRIG_HI=0
20240610 07:43:56  17.791 | 76.87 62.00 47.62 39.73 31.83 24.83 18.83 | -0.534996 -3.703856 4.058045 | 4K:10:256,CLEAN=0,TRIG_HI=1
20240610 07:49:06  17.825 | 77.36 66.05 49.32 42.36 33.35 26.36 21.48 | -0.211620 -3.278781 4.238868 | 4K:10:256,CLEAN=1,TRIG_HI=0
20240610 07:54:16  17.947 | 97.57 81.56 63.03 54.86 47.25 34.46 27.99 | -0.780511 -3.519235 4.624553 | 4K:10:256,CLEAN=1,TRIG_HI=1
20240610 07:59:16  17.657 | 52.93 45.46 37.34 29.37 21.42 15.42 11.64 | -2.497566 -5.509584 3.211126 | 4K:5:512,CLEAN=0,TRIG_HI=0
20240610 08:04:25  17.708 | 64.39 56.85 40.67 33.39 25.07 18.90 14.40 | -1.126533 -4.496995 3.591540 | 4K:5:512,CLEAN=0,TRIG_HI=1
20240610 08:09:29  17.808 | 73.58 70.42 45.71 40.82 32.83 25.42 20.37 | -0.369274 -3.467029 4.156262 | 4K:5:512,CLEAN=1,TRIG_HI=0
20240610 08:14:41  17.821 | 72.13 64.47 58.01 44.49 31.72 24.79 20.41 | -2.165823 -4.780383 4.021144 | 4K:5:512,CLEAN=1,TRIG_HI=1
20240610 08:21:14  17.658 | 62.97 49.12 41.29 32.16 24.30 18.63 13.42 | -1.573709 -4.896812 3.317411 | 1K:11:1K,CLEAN=0,TRIG_HI=0
20240610 08:27:51  17.789 | 80.07 64.66 52.98 43.32 35.08 26.71 20.28 | -1.191868 -4.181829 3.977844 | 1K:11:1K,CLEAN=0,TRIG_HI=1
20240610 08:34:26  17.735 | 70.26 58.42 45.19 39.58 30.20 23.24 17.29 | -1.473042 -4.481129 3.723279 | 1K:11:1K,CLEAN=1,TRIG_HI=0
20240610 08:41:04  17.905 | 94.30 82.58 70.20 62.97 47.17 36.82 27.91 | -2.590419 -4.952505 4.359058 | 1K:11:1K,CLEAN=1,TRIG_HI=1
20240610 08:46:46  17.661 | 61.80 49.52 40.47 32.21 25.05 18.64 13.58 | -1.703071 -4.933628 3.330840 | 4K:11:256,CLEAN=0,TRIG_HI=0
20240610 08:52:34  17.800 | 82.56 67.49 53.80 44.49 34.60 28.44 20.89 | -0.865495 -3.921429 4.056831 | 4K:11:256,CLEAN=0,TRIG_HI=1
20240610 08:58:19  17.744 | 70.93 59.01 45.71 40.37 31.04 23.49 18.16 | -1.305119 -4.278694 3.798730 | 4K:11:256,CLEAN=1,TRIG_HI=0
20240610 09:04:10  17.910 | 96.66 83.29 67.02 59.24 46.55 35.68 28.36 | -1.515417 -4.146573 4.445564 | 4K:11:256,CLEAN=1,TRIG_HI=1
20240610 09:11:12  17.680 | 69.37 56.66 44.51 37.80 28.97 21.79 15.65 | -1.828157 -5.071127 3.371209 | 1K:12:1K,CLEAN=0,TRIG_HI=0
20240610 09:18:21  17.776 | 84.21 69.91 54.94 46.02 36.70 28.53 21.47 | -1.105320 -4.189659 3.923656 | 1K:12:1K,CLEAN=0,TRIG_HI=1
20240610 09:25:24  17.712 | 63.31 59.08 43.42 38.27 32.07 24.23 17.78 | -1.999092 -4.747275 3.604216 | 1K:12:1K,CLEAN=1,TRIG_HI=0
20240610 09:32:35  17.837 | 74.41 75.95 55.09 41.00 36.96 32.31 26.45 | 0.365859 -2.372303 4.411443 | 1K:12:1K,CLEAN=1,TRIG_HI=1
20240610 09:38:44  17.672 | 68.32 56.38 42.82 36.44 28.95 21.22 15.89 | -1.377800 -4.642022 3.432062 | 4K:12:256,CLEAN=0,TRIG_HI=0
20240610 09:45:04  17.772 | 81.69 70.09 56.15 47.05 36.05 27.89 21.15 | -1.668707 -4.694059 3.825387 | 4K:12:256,CLEAN=0,TRIG_HI=1
20240610 09:51:16  17.723 | 67.67 60.30 46.81 39.99 32.38 25.01 18.16 | -1.986735 -4.829205 3.621737 | 4K:12:256,CLEAN=1,TRIG_HI=0
20240610 09:57:38  17.836 | 72.21 76.38 54.60 40.20 37.81 31.95 26.45 | 0.174786 -2.490116 4.395110 | 4K:12:256,CLEAN=1,TRIG_HI=1
20240610 10:03:45  17.663 | 70.01 58.41 45.01 36.28 26.63 20.50 15.75 | -1.041218 -4.546330 3.393512 | 4K:6:512,CLEAN=0,TRIG_HI=0
20240610 10:09:53  17.698 | 74.92 59.96 51.83 37.59 30.43 22.31 16.98 | -1.469261 -4.844641 3.477529 | 4K:6:512,CLEAN=0,TRIG_HI=1
20240610 10:16:03  17.743 | 77.20 62.30 48.70 43.16 33.29 26.74 19.80 | -0.984565 -4.013039 3.842378 | 4K:6:512,CLEAN=1,TRIG_HI=0
20240610 10:22:13  17.776 | 76.61 66.47 58.65 47.30 35.51 27.26 21.82 | -2.132760 -4.942217 3.807302 | 4K:6:512,CLEAN=1,TRIG_HI=1
20240610 10:32:19  17.752 | 77.43 67.57 54.16 44.69 34.51 26.88 19.40 | -2.103441 -5.120906 3.668711 | 4K:3:1K,CLEAN=0,TRIG_HI=0
20240610 10:42:25  17.763 | 80.92 66.65 55.63 45.69 36.02 27.43 20.08 | -1.939814 -4.952112 3.740927 | 4K:3:1K,CLEAN=0,TRIG_HI=1
20240610 10:52:33  17.814 | 71.32 75.20 54.74 40.79 36.99 30.64 25.28 | -0.320930 -3.004787 4.260708 | 4K:3:1K,CLEAN=1,TRIG_HI=0
20240610 11:02:42  17.891 | 74.86 79.01 56.52 41.41 41.08 34.47 28.84 | 0.415794 -2.138270 4.570002 | 4K:3:1K,CLEAN=1,TRIG_HI=1
20240610 11:10:15  17.615 | 61.51 50.28 43.48 34.22 26.48 18.96 13.35 | -2.960337 -6.345161 2.803831 | 1K:13:1K,CLEAN=0,TRIG_HI=0
20240610 11:19:33  17.674 | 69.98 59.47 45.56 40.39 31.52 23.18 17.05 | -2.029297 -5.210637 3.324097 | 1K:13:1K,CLEAN=0,TRIG_HI=1
20240610 11:27:08  17.723 | 80.00 65.55 52.33 43.65 35.93 27.49 19.69 | -1.566845 -4.698161 3.627434 | 1K:13:1K,CLEAN=1,TRIG_HI=0
20240610 11:36:28  17.861 | 97.65 84.57 66.65 56.77 46.66 35.51 29.85 | -0.679246 -3.534946 4.329278 | 1K:13:1K,CLEAN=1,TRIG_HI=1
20240610 11:43:06  17.610 | 62.00 49.97 40.29 34.15 27.02 18.99 12.30 | -3.293046 -6.732907 2.680951 | 4K:13:256,CLEAN=0,TRIG_HI=0
20240610 11:51:41  17.692 | 72.03 58.92 48.46 41.75 34.82 23.79 17.29 | -2.719304 -5.812421 3.273244 | 4K:13:256,CLEAN=0,TRIG_HI=1
20240610 11:58:22  17.716 | 79.80 65.93 52.13 43.98 34.14 26.65 19.75 | -1.330722 -4.534488 3.628555 | 4K:13:256,CLEAN=1,TRIG_HI=0
20240610 12:07:00  17.844 | 100.68 84.98 68.43 56.47 47.09 35.91 28.21 | -1.047642 -4.010594 4.207389 | 4K:13:256,CLEAN=1,TRIG_HI=1
20240610 12:16:45  17.597 | 65.09 53.08 44.21 35.72 27.16 20.37 13.22 | -3.071657 -6.712130 2.602498 | 1K:14:1K,CLEAN=0,TRIG_HI=0
20240610 12:27:51  17.722 | 87.52 70.79 56.20 45.80 37.86 30.17 21.47 | -1.016668 -4.250759 3.703334 | 1K:14:1K,CLEAN=0,TRIG_HI=1
20240610 12:37:38  17.604 | 62.01 55.41 45.02 36.68 26.79 19.69 15.31 | -2.429894 -5.876991 2.860360 | 1K:14:1K,CLEAN=1,TRIG_HI=0
20240610 12:48:45  17.747 | 94.57 79.75 64.23 43.04 38.45 29.87 24.98 | 0.606280 -2.739831 4.076731 | 1K:14:1K,CLEAN=1,TRIG_HI=1
20240610 12:57:44  17.572 | 60.32 49.94 40.79 32.89 25.72 18.64 13.00 | -2.605054 -6.177905 2.638756 | 4K:14:256,CLEAN=0,TRIG_HI=0
20240610 13:08:06  17.715 | 85.74 68.49 56.84 46.46 37.50 27.84 21.66 | -1.223638 -4.467424 3.632733 | 4K:14:256,CLEAN=0,TRIG_HI=1
20240610 13:17:08  17.591 | 64.25 52.68 44.07 35.46 26.38 19.16 15.26 | -1.733418 -5.227547 2.959602 | 4K:14:256,CLEAN=1,TRIG_HI=0
20240610 13:27:34  17.724 | 92.49 75.19 63.47 43.55 37.33 27.56 23.62 | 0.067900 -3.350702 3.877263 | 4K:14:256,CLEAN=1,TRIG_HI=1
20240610 13:34:47  17.611 | 69.22 57.19 42.76 36.59 29.11 21.99 14.53 | -2.081054 -5.635037 2.928512 | 4K:7:512,CLEAN=0,TRIG_HI=0
20240610 13:42:02  17.653 | 68.34 58.83 50.39 41.46 30.53 23.36 17.69 | -2.450709 -5.700796 3.125249 | 4K:7:512,CLEAN=0,TRIG_HI=1
20240610 13:49:19  17.656 | 73.99 59.85 50.37 42.92 31.88 23.88 17.00 | -2.569727 -5.973778 3.057187 | 4K:7:512,CLEAN=1,TRIG_HI=0
20240610 13:56:38  17.707 | 77.20 66.84 62.69 48.75 34.86 25.79 21.43 | -2.676388 -5.887300 3.314263 | 4K:7:512,CLEAN=1,TRIG_HI=1
20240610 14:06:36  17.568 | 61.72 52.70 45.44 34.88 26.94 19.66 12.79 | -3.745744 -7.597011 2.223744 | 1K:15:1K,CLEAN=0,TRIG_HI=0
20240610 14:16:05  17.673 | 74.86 68.21 54.00 47.27 35.46 27.71 19.67 | -2.786161 -6.096391 3.112376 | 1K:15:1K,CLEAN=0,TRIG_HI=1
20240610 14:26:05  17.596 | 71.49 55.90 45.73 37.94 30.91 21.27 16.21 | -1.767014 -5.321322 2.946860 | 1K:15:1K,CLEAN=1,TRIG_HI=0
20240610 14:35:35  17.817 | 102.58 84.90 58.08 51.70 47.81 36.76 28.52 | 0.581642 -2.339083 4.360061 | 1K:15:1K,CLEAN=1,TRIG_HI=1
20240610 14:44:00  17.557 | 59.61 51.49 42.37 34.08 26.39 19.10 12.38 | -3.697453 -7.524070 2.198608 | 4K:15:256,CLEAN=0,TRIG_HI=0
20240610 14:52:20  17.681 | 75.65 66.10 53.82 47.97 36.07 27.76 20.68 | -2.438525 -5.630619 3.258580 | 4K:15:256,CLEAN=0,TRIG_HI=1
20240610 15:00:49  17.608 | 66.48 56.34 46.57 38.60 30.75 22.37 16.78 | -2.281624 -5.656399 2.942337 | 4K:15:256,CLEAN=1,TRIG_HI=0
20240610 15:09:14  17.794 | 101.14 81.71 60.94 51.87 45.25 36.82 27.45 | 0.144786 -2.840672 4.215898 | 4K:15:256,CLEAN=1,TRIG_HI=1
20240610 15:17:22  17.485 | 51.64 45.08 35.66 30.50 25.08 15.06 10.75 | -4.227382 -8.335133 1.637611 | 4K:8:512,CLEAN=0,TRIG_HI=0
20240610 15:25:49  17.538 | 62.37 57.21 42.61 35.58 25.60 20.21 13.44 | -2.774935 -6.725728 2.292533 | 4K:8:512,CLEAN=0,TRIG_HI=1
20240610 15:34:00  17.599 | 64.43 60.01 46.55 39.39 32.86 24.33 16.26 | -3.296598 -6.823727 2.599097 | 4K:8:512,CLEAN=1,TRIG_HI=0
20240610 15:42:31  17.651 | 72.28 68.45 56.50 47.83 37.62 26.58 19.77 | -3.662272 -7.171684 2.749745 | 4K:8:512,CLEAN=1,TRIG_HI=1
20240610 15:55:50  17.611 | 65.72 60.46 48.76 40.46 34.69 24.28 17.28 | -3.310705 -6.781662 2.670645 | 4K:4:1K,CLEAN=0,TRIG_HI=0
20240610 16:09:13  17.622 | 72.47 66.61 50.39 41.78 34.29 26.68 17.79 | -2.551070 -6.087189 2.869880 | 4K:4:1K,CLEAN=0,TRIG_HI=1
20240610 16:22:36  17.784 | 101.18 86.97 68.22 55.07 47.22 35.96 30.09 | -0.276876 -3.275417 4.114312 | 4K:4:1K,CLEAN=1,TRIG_HI=0
20240610 16:36:02  17.774 | 98.93 80.60 71.65 59.37 46.02 36.85 29.65 | -1.234138 -4.239781 3.913221 | 4K:4:1K,CLEAN=1,TRIG_HI=1
20240610 16:44:50  17.476 | 65.91 47.96 41.13 33.13 27.48 19.42 12.39 | -2.689672 -6.904623 1.925945 | 4K:9:512,CLEAN=0,TRIG_HI=0
20240610 16:53:40  17.546 | 76.67 59.06 50.05 37.47 35.47 22.91 16.45 | -2.131196 -6.053799 2.496423 | 4K:9:512,CLEAN=0,TRIG_HI=1
20240610 17:02:33  17.540 | 66.12 56.81 48.78 38.58 30.94 23.06 16.34 | -2.826590 -6.668351 2.338137 | 4K:9:512,CLEAN=1,TRIG_HI=0
20240610 17:11:27  17.627 | 79.75 68.98 61.19 50.96 37.84 29.89 21.53 | -2.959582 -6.634192 2.744700 | 4K:9:512,CLEAN=1,TRIG_HI=1
20240610 17:21:17  17.342 | 55.29 41.71 33.30 25.96 20.56 15.76 10.66 | -1.228156 -5.352252 1.818160 | 4K:10:512,CLEAN=0,TRIG_HI=0
20240610 17:31:06  17.455 | 62.80 47.80 42.76 36.02 27.55 20.90 14.35 | -2.628035 -6.692906 1.939993 | 4K:10:512,CLEAN=0,TRIG_HI=1
20240610 17:41:02  17.461 | 69.41 56.12 44.32 35.32 28.34 21.29 15.56 | -1.274232 -5.156511 2.399079 | 4K:10:512,CLEAN=1,TRIG_HI=0
20240610 17:50:57  17.559 | 83.54 65.83 61.45 47.08 35.08 27.71 20.15 | -2.219466 -6.193302 2.508719 | 4K:10:512,CLEAN=1,TRIG_HI=1
20240610 18:07:36  17.460 | 70.63 56.93 43.27 36.37 27.41 21.63 15.74 | -0.934338 -4.738084 2.520489 | 4K:5:1K,CLEAN=0,TRIG_HI=0
20240610 18:24:31  17.484 | 82.20 56.69 45.32 37.89 31.00 24.34 16.34 | -0.459094 -4.146483 2.791327 | 4K:5:1K,CLEAN=0,TRIG_HI=1
20240610 18:41:15  17.588 | 93.36 64.30 62.08 47.06 37.48 30.90 22.32 | -0.776482 -4.211724 3.204558 | 4K:5:1K,CLEAN=1,TRIG_HI=0
20240610 18:58:17  17.713 | 101.34 85.02 64.38 60.02 49.65 37.89 30.85 | -0.601876 -3.568418 3.834059 | 4K:5:1K,CLEAN=1,TRIG_HI=1
20240610 19:09:34  17.345 | 57.88 47.64 34.32 29.99 22.91 16.79 10.94 | -2.319546 -6.977816 1.231339 | 4K:11:512,CLEAN=0,TRIG_HI=0
20240610 19:20:52  17.428 | 67.02 59.46 45.82 35.07 27.95 21.21 16.58 | -1.080751 -4.930034 2.341184 | 4K:11:512,CLEAN=0,TRIG_HI=1
20240610 19:32:15  17.418 | 68.35 53.30 42.66 36.01 28.40 20.32 16.09 | -1.064447 -4.870880 2.333536 | 4K:11:512,CLEAN=1,TRIG_HI=0
20240610 19:43:37  17.571 | 93.76 73.71 63.24 51.61 39.65 31.88 23.82 | -1.204883 -4.843130 2.951009 | 4K:11:512,CLEAN=1,TRIG_HI=1
20240610 19:55:49  17.380 | 69.47 51.99 43.08 35.69 28.07 21.04 13.51 | -2.354228 -7.016319 1.360266 | 4K:12:512,CLEAN=0,TRIG_HI=0
20240610 20:08:10  17.457 | 81.41 62.90 50.36 40.46 36.17 27.35 17.70 | -1.647354 -5.719410 2.187734 | 4K:12:512,CLEAN=0,TRIG_HI=1
20240610 20:20:29  17.404 | 77.91 58.03 47.93 37.29 28.15 23.26 17.12 | -0.201707 -3.843910 2.588681 | 4K:12:512,CLEAN=1,TRIG_HI=0
20240610 20:32:57  17.506 | 87.37 69.49 63.43 49.24 35.16 29.21 22.25 | -1.467128 -5.387910 2.502900 | 4K:12:512,CLEAN=1,TRIG_HI=1
20240610 20:53:05  17.428 | 80.73 63.11 52.63 39.60 30.25 24.44 16.90 | -1.275036 -5.485144 2.086301 | 4K:6:1K,CLEAN=0,TRIG_HI=0
20240610 21:13:16  17.499 | 86.11 68.87 54.90 47.27 37.37 29.71 20.96 | -1.390983 -5.217194 2.543327 | 4K:6:1K,CLEAN=0,TRIG_HI=1
20240610 21:33:30  17.478 | 77.34 61.99 60.25 43.92 34.59 26.56 20.14 | -2.235520 -6.403524 2.073373 | 4K:6:1K,CLEAN=1,TRIG_HI=0
20240610 21:53:48  17.597 | 102.32 77.04 56.45 42.57 33.89 35.91 26.55 | 3.197460 1.390732 4.848528 | 4K:6:1K,CLEAN=1,TRIG_HI=1
20240610 22:06:53  17.250 | 55.46 48.35 33.55 24.80 22.26 15.99 10.35 | -1.596923 -6.310366 0.973796 | 4K:13:512,CLEAN=0,TRIG_HI=0
20240610 22:23:46  17.352 | 67.21 57.00 43.77 35.02 27.29 22.30 13.81 | -2.255726 -6.994995 1.223768 | 4K:13:512,CLEAN=0,TRIG_HI=1
20240610 22:36:58  17.376 | 70.26 58.40 48.98 35.55 30.03 21.92 16.99 | -1.274835 -5.343488 1.968773 | 4K:13:512,CLEAN=1,TRIG_HI=0
20240610 22:53:58  17.466 | 79.24 69.20 64.07 45.94 36.46 28.53 21.11 | -2.518253 -6.975122 1.799021 | 4K:13:512,CLEAN=1,TRIG_HI=1
20240610 23:11:39  17.275 | 63.26 51.58 38.58 34.43 22.40 18.44 13.27 | -1.334788 -5.809606 1.295536 | 4K:14:512,CLEAN=0,TRIG_HI=0
20240610 23:32:06  17.416 | 87.95 70.70 52.20 46.03 34.33 27.77 20.62 | -0.472220 -4.147996 2.547359 | 4K:14:512,CLEAN=0,TRIG_HI=1
20240610 23:49:55  17.334 | 67.04 59.47 45.12 34.57 28.42 22.20 16.70 | -0.921745 -4.820657 2.004753 | 4K:14:512,CLEAN=1,TRIG_HI=0
20240611 00:10:30  17.455 | 82.71 73.12 61.95 45.91 39.04 29.63 22.89 | -1.628190 -5.661491 2.203975 | 4K:14:512,CLEAN=1,TRIG_HI=1
20240611 00:34:23  17.370 | 75.64 64.69 50.00 38.72 32.30 23.36 17.91 | -1.251759 -5.428923 1.883295 | 4K:7:1K,CLEAN=0,TRIG_HI=0
20240611 00:58:13  17.428 | 84.95 76.45 52.97 42.74 37.48 29.38 20.67 | -0.770038 -4.534707 2.464883 | 4K:7:1K,CLEAN=0,TRIG_HI=1
20240611 01:22:14  17.405 | 76.96 67.11 47.34 37.85 35.46 26.91 21.20 | 0.299357 -2.622692 3.140595 | 4K:7:1K,CLEAN=1,TRIG_HI=0
20240611 01:46:12  17.523 | 90.10 81.92 55.42 42.90 45.00 34.98 26.23 | 0.581361 -1.996517 3.723197 | 4K:7:1K,CLEAN=1,TRIG_HI=1
20240611 02:02:45  17.217 | 59.12 53.80 35.12 29.61 21.39 17.03 11.91 | -1.089664 -5.656630 1.044320 | 4K:15:512,CLEAN=0,TRIG_HI=0
20240611 02:19:06  17.312 | 68.37 60.50 47.50 36.42 27.42 21.88 17.66 | -0.714933 -4.564997 2.004727 | 4K:15:512,CLEAN=0,TRIG_HI=1
20240611 02:35:45  17.318 | 70.56 63.17 46.55 37.33 28.44 22.74 16.85 | -1.096490 -5.269517 1.722940 | 4K:15:512,CLEAN=1,TRIG_HI=0
20240611 02:52:13  17.445 | 87.05 79.72 64.12 50.49 39.28 31.56 24.09 | -1.613670 -5.767768 2.102592 | 4K:15:512,CLEAN=1,TRIG_HI=1
20240611 03:19:14  17.278 | 72.31 61.20 47.56 34.23 28.49 21.86 16.40 | -0.645078 -4.681023 1.764110 | 4K:8:1K,CLEAN=0,TRIG_HI=0
20240611 03:47:03  17.320 | 76.48 68.04 50.88 37.80 29.01 25.92 19.63 | 0.258298 -2.960399 2.675868 | 4K:8:1K,CLEAN=0,TRIG_HI=1
20240611 04:14:13  17.385 | 77.78 70.40 58.99 44.87 35.28 28.32 22.50 | -1.373692 -5.384245 2.014987 | 4K:8:1K,CLEAN=1,TRIG_HI=0
20240611 04:42:11  17.502 | 101.15 85.76 72.39 62.41 51.40 39.08 29.90 | -1.935436 -6.059242 2.270206 | 4K:8:1K,CLEAN=1,TRIG_HI=1
20240611 06:30:01  17.252 | 71.80 64.48 49.64 39.59 28.13 22.68 16.67 | -1.718784 -6.621885 0.816791 | 4K:9:1K,CLEAN=0,TRIG_HI=0
20240611 06:59:50  17.343 | 92.19 75.11 58.49 47.66 37.19 29.93 22.06 | -0.725038 -4.655273 2.063640 | 4K:9:1K,CLEAN=0,TRIG_HI=1
20240611 07:29:40  17.309 | 81.32 67.28 54.55 41.90 34.98 26.50 20.50 | -0.873961 -4.842703 1.876978 | 4K:9:1K,CLEAN=1,TRIG_HI=0
20240611 07:59:41  17.557 | 105.16 84.84 69.43 41.14 45.16 35.32 31.05 | 2.466323 1.288319 4.893756 | 4K:9:1K,CLEAN=1,TRIG_HI=1
20240611 08:32:47  17.172 | 66.07 53.08 47.98 34.18 26.46 20.30 13.25 | -2.905429 -9.092617 -0.731359 | 4K:10:1K,CLEAN=0,TRIG_HI=0
20240611 09:05:55  17.235 | 69.57 58.17 52.56 42.18 29.96 25.52 16.99 | -2.885471 -8.592917 -0.076432 | 4K:10:1K,CLEAN=0,TRIG_HI=1
20240611 09:39:14  17.264 | 80.98 69.28 56.15 44.19 33.76 27.09 19.26 | -1.778314 -6.700738 0.837155 | 4K:10:1K,CLEAN=1,TRIG_HI=0
20240611 10:12:35  17.399 | 102.89 89.93 76.08 63.11 51.54 37.29 29.56 | -2.236937 -7.125254 1.331180 | 4K:10:1K,CLEAN=1,TRIG_HI=1
20240611 10:50:10  17.143 | 67.60 54.58 47.27 35.85 27.28 20.91 14.58 | -2.298745 -8.022466 -0.378558 | 4K:11:1K,CLEAN=0,TRIG_HI=0
20240611 11:27:46  17.257 | 85.20 67.27 54.39 48.14 37.54 29.94 21.08 | -1.536003 -6.110264 1.116531 | 4K:11:1K,CLEAN=0,TRIG_HI=1
20240611 12:05:35  17.197 | 78.50 61.46 49.11 43.53 31.45 24.23 18.40 | -1.277478 -5.864800 0.920041 | 4K:11:1K,CLEAN=1,TRIG_HI=0
20240611 12:43:24  17.375 | 106.11 87.65 75.65 66.64 51.35 38.86 30.63 | -1.991221 -6.752004 1.366571 | 4K:11:1K,CLEAN=1,TRIG_HI=1
20240611 13:24:14  17.142 | 76.46 61.73 49.32 39.57 30.56 23.12 17.00 | -1.401405 -6.350900 0.391592 | 4K:12:1K,CLEAN=0,TRIG_HI=0
20240611 14:05:21  17.238 | 90.58 72.08 58.57 50.86 39.00 30.67 22.31 | -1.479760 -6.179106 0.959315 | 4K:12:1K,CLEAN=0,TRIG_HI=1
20240611 14:46:26  17.206 | 79.92 61.98 49.71 42.70 36.50 26.96 21.94 | -0.307730 -3.622921 2.123358 | 4K:12:1K,CLEAN=1,TRIG_HI=0
20240611 15:27:48  17.441 | 101.92 80.79 61.27 45.58 47.82 38.05 30.59 | 1.716185 0.626215 4.621330 | 4K:12:1K,CLEAN=1,TRIG_HI=1
20240611 15:52:46  17.091 | 63.45 50.33 48.26 37.43 30.14 21.98 12.64 | -4.986138 -13.762648 -3.580786 | 4K:13:1K,CLEAN=0,TRIG_HI=0
20240611 16:03:35  17.158 | 68.42 59.20 54.02 44.33 38.33 26.12 17.32 | -4.612227 -12.552332 -2.492959 | 4K:13:1K,CLEAN=0,TRIG_HI=1
20240611 16:14:08  17.185 | 89.63 68.92 54.52 49.95 37.99 28.27 21.01 | -1.456025 -6.316751 0.625170 | 4K:13:1K,CLEAN=1,TRIG_HI=0
20240611 16:25:04  17.309 | 105.53 94.34 77.25 64.83 51.65 40.68 30.41 | -2.047429 -7.174214 0.827911 | 4K:13:1K,CLEAN=1,TRIG_HI=1
20240611 16:36:33  17.065 | 72.06 55.45 47.98 37.87 30.86 21.75 14.89 | -2.655760 -9.205720 -1.477490 | 4K:14:1K,CLEAN=0,TRIG_HI=0
20240611 16:48:33  17.186 | 93.22 72.91 59.37 51.27 39.79 30.01 23.80 | -0.904055 -5.129547 1.232328 | 4K:14:1K,CLEAN=0,TRIG_HI=1
20240611 17:00:09  17.081 | 70.05 54.75 47.87 41.67 33.18 20.53 16.36 | -3.109520 -9.976842 -1.735488 | 4K:14:1K,CLEAN=1,TRIG_HI=0
20240611 17:12:16  17.330 | 105.00 75.72 59.17 49.13 43.78 31.00 31.26 | 2.274329 1.827474 5.011338 | 4K:14:1K,CLEAN=1,TRIG_HI=1
20240611 17:24:37  17.025 | 73.65 56.33 44.46 38.76 29.41 20.74 14.74 | -2.073617 -8.198829 -1.215812 | 4K:15:1K,CLEAN=0,TRIG_HI=0
20240611 17:36:43  17.136 | 92.19 74.33 55.69 52.34 39.11 28.88 21.40 | -1.639291 -6.947556 0.026421 | 4K:15:1K,CLEAN=0,TRIG_HI=1
20240611 17:49:11  17.094 | 77.96 59.45 52.26 43.40 37.25 26.09 17.87 | -2.758128 -9.245320 -1.306069 | 4K:15:1K,CLEAN=1,TRIG_HI=0
20240611 18:01:25  17.275 | 110.77 89.60 72.04 57.65 51.98 39.88 30.78 | -0.395580 -3.834725 2.236284 | 4K:15:1K,CLEAN=1,TRIG_HI=1
